cluster	chr	start	end	strand	dominant_tss	tags	tags.dominant_tss	q_0.1	q_0.9	interquantile_width	gene	inCoding
5	chrI	9325	9411	+	9327	4.966464	1.241616	9327	9391	65	YAL066W	NA
6	chrI	9442	9479	+	9442	3.414443	1.862423	9442	9468	27	YAL066W	NA
7	chrI	11253	11343	+	11329	40.662913	17.693022	11275	11329	55	YAL064W-B	NA
33	chrI	31026	31151	+	31108	48.112608	17.072215	31108	31145	38	YAL062W	NA
34	chrI	31187	31263	+	31242	320.026426	122.609541	31212	31242	31	YAL062W	NA
36	chrI	31515	31581	+	31521	36.627663	10.553733	31521	31572	52	YAL062W	NA
41	chrI	33181	33185	+	33181	2.172828	1.241616	33181	33185	5	YAL061W	NA
42	chrI	33270	33365	+	33359	1512.287807	1037.369836	33348	33362	15	YAL061W	NA
46	chrI	34783	35107	+	35107	746.831792	381.17599	35057	35107	51	YAL060W	NA
51	chrI	37283	37422	+	37415	94.983597	51.216644	37378	37419	42	YAL058W	NA
59	chrI	39163	39279	+	39215	379.934379	73.255321	39201	39253	53	YAL056W	NA
69	chrI	42107	42231	+	42155	354.481262	71.703301	42154	42185	32	YAL055W	NA
75	chrI	45654	46305	+	45810	2536.931102	486.713316	45749	45877	129	YAL053W	NA
85	chrI	48444	49116	+	48555	293.331703	40.352507	48511	48795	285	YAL051W	NA
96	chrI	54181	54270	+	54181	5.897676	1.241616	54181	54252	72	YAL047W-A	NA
98	chrI	56531	56574	+	56555	4.65606	1.55202	56531	56574	44	YAL044W-A	NA
99	chrI	56666	56693	+	56688	7.139291	2.793635	56666	56693	28	YAL044W-A	NA
100	chrI	56951	57006	+	57006	5.587271	1.862423	56964	57006	43	YAL044W-A	NA
102	chrI	57425	57532	+	57506	1719.948018	713.618568	57496	57524	29	YAL044W-A	NA
106	chrI	61254	61309	+	61300	1175.189173	466.847467	61274	61300	27	YAL042W	NA
109	chrI	62748	62842	+	62776	267.878569	86.292284	62773	62819	47	YAL041W	NA
129	chrI	71395	71436	+	71404	4.966463	2.172827	71395	71436	42	YAL038W	NA
131	chrI	71612	71759	+	71759	69764.828702	62563.768601	71758	71759	2	YAL038W	NA
136	chrI	73381	73517	+	73486	27.625951	6.208078	73418	73486	69	YAL037W	NA
137	chrI	73662	73688	+	73662	3.414444	1.55202	73662	73688	27	YAL037W	NA
138	chrI	73810	74061	+	73914	120.436722	16.141003	73902	73957	56	YAL037W	NA
142	chrI	76335	76405	+	76401	6758.113729	4159.412269	76392	76405	14	YAL035W	NA
157	chrI	79657	79718	+	79689	81.325823	34.454833	79674	79695	22	YAL034W-A	NA
163	chrI	82185	82304	+	82261	13.347371	4.656059	82212	82282	71	YAL033W	NA
164	chrI	82484	82523	+	82523	1.241616	0.620808	82484	82523	40	YAL033W	NA
165	chrI	82662	82728	+	82701	1064.685382	373.415892	82685	82704	20	YAL033W	NA
167	chrI	83845	83860	+	83845	1.241616	0.310404	83845	83860	16	YAL031W-A	NA
168	chrI	84285	84314	+	84285	1.241616	0.310404	84285	84314	30	YAL031W-A	NA
169	chrI	84382	84438	+	84410	1.55202	0.620808	84382	84438	57	YAL031W-A	NA
171	chrI	87217	87294	+	87264	624.222246	281.225934	87250	87270	21	YAL030W	NA
173	chrI	92377	92451	+	92388	23.280295	6.518482	92388	92424	37	YAL028W	NA
174	chrI	92828	93118	+	92859	224.732434	38.800488	92848	92913	66	YAL028W	NA
178	chrI	94249	94250	+	94250	1.241616	0.931212	94249	94250	2	YAL027W	YAL053W
179	chrI	94555	94680	+	94607	335.236219	91.569151	94595	94646	52	YAL027W	NA
185	chrI	114162	114178	+	114178	1.55202	0.931212	114162	114178	17	YAL019W-A	NA
186	chrI	114786	114862	+	114809	356.964486	167.307702	114806	114828	23	YAL019W	YAL056W
201	chrI	119826	119899	+	119858	289.296437	67.357646	119855	119891	37	YAL017W	NA
225	chrI	124754	124818	+	124782	2769.423606	807.360546	124782	124801	20	YAL016W	NA
239	chrI	129200	129297	+	129244	494.47342	78.842591	129221	129251	31	YAL013W	NA
243	chrI	130678	130758	+	130735	3698.772886	1759.369309	130703	130748	46	YAL012W	NA
246	chrI	131626	131762	+	131717	12.726562	3.724847	131627	131747	121	YAL011W	YAL062W
247	chrI	132154	132301	+	132195	95.604405	24.521908	132185	132220	36	YAL011W	NA
255	chrI	135777	135882	+	135829	216.972336	52.147855	135813	135849	37	YAL009W	NA
259	chrI	136484	136565	+	136559	14.588985	4.656059	136517	136565	49	YAL008W	YAL064W-B
260	chrI	136796	136905	+	136874	1014.089552	299.850168	136860	136882	23	YAL008W	NA
266	chrI	141670	141679	+	141673	3.104039	2.172827	141670	141679	10	YAL003W	NA
267	chrI	141792	141825	+	141813	2.172828	0.931212	141792	141825	34	YAL003W	NA
268	chrI	141941	142167	+	142153	12537.834361	5419.962509	142139	142153	15	YAL003W	NA
273	chrI	143442	143442	+	143442	1.55202	1.55202	143442	143442	1	YAL002W	NA
274	chrI	143539	143682	+	143616	259.497669	54.320683	143572	143630	59	YAL002W	NA
289	chrI	151769	151805	+	151772	5.897676	1.241616	151769	151805	37	YAR002W	NA
290	chrI	152161	152233	+	152215	428.978194	268.18897	152208	152226	19	YAR002W	NA
296	chrI	154876	154988	+	154958	144.648221	40.973315	154920	154964	45	YAR003W	NA
302	chrI	158796	158906	+	158864	201.141731	33.213217	158847	158891	45	YAR008W	NA
307	chrI	169220	169336	+	169325	6763.700998	2376.14186	169282	169330	49	YAR015W	NA
323	chrI	182887	182933	+	182899	4.035252	0.931212	182899	182923	25	YAR027W	NA
325	chrI	183372	183380	+	183380	103.054096	101.502076	183380	183380	1	YAR027W	NA
326	chrI	183588	184146	+	183688	496.956664	71.392897	183682	183929	248	YAR027W	NA
329	chrI	184800	184892	+	184876	564.314297	188.415168	184845	184881	37	YAR028W	NA
333	chrI	185873	185952	+	185918	21.417871	9.312117	185902	185937	36	YAR029W	NA
335	chrI	186107	186109	+	186109	3.414443	2.483231	186107	186109	3	YAR029W	NA
336	chrI	186283	186318	+	186296	3.724848	0.620808	186290	186314	25	YAR029W	NA
337	chrI	186391	186419	+	186418	1.241616	0.620808	186391	186419	29	YAR031W	YAR029W
341	chrI	188006	188091	+	188055	236.83818	54.010279	188045	188065	21	YAR033W	NA
345	chrI	189296	189318	+	189300	11.484945	4.345655	189296	189313	18	YAR035W	NA
346	chrI	189666	189666	+	189666	3.724847	3.724847	189666	189666	1	YAR035W	NA
347	chrI	190149	190213	+	190163	37.869277	19.245042	190163	190195	33	YAR035W	NA
352	chrI	192525	192701	+	192583	162.030849	19.555446	192562	192619	58	YAR042W	NA
377	chrI	207884	207902	+	207887	3.724848	1.55202	207887	207902	16	YAR053W	YAR050W
378	chrI	208166	208224	+	208224	2.483232	0.620808	208166	208224	59	YAR053W	NA
381	chrI	225393	225420	+	225413	5.897675	2.172827	225401	225415	15	YAR071W	NA
384	chrI	227481	227521	+	227521	10.243329	4.345655	227496	227521	26	YAR073W	NA
385	chrII	126	175	+	150	3.414444	1.241616	145	171	27	YBL113W-A	NA
388	chrII	8398	8585	+	8549	22.65949	2.793635	8427	8550	124	YBL107W-A	NA
389	chrII	8762	8802	+	8769	2.483232	0.620808	8762	8802	41	YBL107W-A	NA
399	chrII	23906	24027	+	23980	172.274168	58.045529	23980	24010	31	YBL102W	NA
400	chrII	24081	24285	+	24085	51.527054	17.072215	24085	24250	166	YBL102W	NA
407	chrII	29379	29629	+	29576	56.183112	10.243329	29454	29585	132	YBL100W-A	NA
420	chrII	36650	36766	+	36757	2848.576599	1558.537985	36733	36757	25	YBL099W	NA
427	chrII	39091	39125	+	39115	302.022998	157.685182	39113	39121	9	YBL098W	NA
434	chrII	40724	40828	+	40813	129.43843	48.733412	40768	40813	46	YBL097W	NA
442	chrII	43216	43283	+	43267	138.440143	54.631087	43252	43267	16	YBL095W	NA
446	chrII	45295	45390	+	45305	15.520198	3.104039	45298	45371	74	YBL092W	NA
447	chrII	45462	45634	+	45613	28582.301584	6779.531594	45609	45626	18	YBL092W	NA
456	chrII	48736	48824	+	48794	1470.072879	740.934111	48794	48818	25	YBL090W	NA
457	chrII	49039	49104	+	49082	23.590697	6.208078	49062	49082	21	YBL089W	YBL019W
459	chrII	49491	49594	+	49558	200.831329	64.253607	49535	49576	42	YBL089W	NA
469	chrII	62915	62951	+	62915	1.55202	0.310404	62915	62951	37	YBL085W	NA
470	chrII	63475	63534	+	63485	9.622521	2.483231	63483	63533	51	YBL085W	NA
471	chrII	63607	63763	+	63740	1040.784286	402.283455	63675	63740	66	YBL085W	NA
484	chrII	71531	71595	+	71566	160.789223	42.21493	71549	71570	22	YBL081W	NA
485	chrII	71772	71914	+	71801	11.484947	4.345655	71801	71910	110	YBL081W	NA
489	chrII	74418	74436	+	74418	4.966464	1.55202	74418	74436	19	YBL079W	NA
491	chrII	75129	75229	+	75196	678.232528	149.304276	75178	75210	33	YBL079W	NA
512	chrII	89253	89302	+	89253	1.241616	0.310404	89253	89302	50	YBL071W-A	NA
513	chrII	89890	89980	+	89943	259.808065	134.404889	89935	89943	9	YBL071W-A	NA
515	chrII	90615	90722	+	90685	464.364243	169.48053	90665	90709	45	YBL069W	NA
518	chrII	91342	91379	+	91377	3.10404	0.931212	91357	91377	21	YBL068W-A	YBL032W
519	chrII	91523	91525	+	91523	2.793636	0.931212	91523	91525	3	YBL068W-A	YBL032W
521	chrII	92296	92505	+	92345	679.784548	122.299137	92345	92396	52	YBL068W	NA
529	chrII	101487	101516	+	101516	5.897675	1.862423	101487	101516	30	YBL063W	NA
530	chrII	101831	101886	+	101869	270.051396	151.477104	101864	101882	19	YBL063W	NA
541	chrII	104841	104856	+	104856	2.483232	1.55202	104841	104856	16	YBL062W	YBL041W
542	chrII	107626	107749	+	107712	18.00343	3.104039	107647	107712	66	YBL060W	NA
543	chrII	107870	108022	+	107914	49.043819	9.312117	107876	107932	57	YBL060W	NA
552	chrII	111367	111465	+	111409	1476.591358	552.829347	111403	111421	19	YBL058W	NA
557	chrII	113356	113369	+	113369	2.483231	1.862423	113356	113369	14	YBL056W	NA
558	chrII	113607	113762	+	113720	1686.424401	392.971338	113641	113730	90	YBL056W	NA
565	chrII	117062	117269	+	117099	44.077359	11.484944	117099	117251	153	YBL054W	NA
566	chrII	117349	117378	+	117378	8.380906	5.58727	117352	117378	27	YBL054W	NA
567	chrII	117454	117536	+	117480	17.693024	10.243329	117470	117480	11	YBL054W	NA
583	chrII	125014	125094	+	125048	1576.851817	434.255057	125038	125062	25	YBL050W	NA
589	chrII	126228	126264	+	126228	1.241616	0.310404	126228	126264	37	YBL049W	NA
590	chrII	126343	126349	+	126346	1.241616	0.620808	126343	126349	7	YBL049W	NA
591	chrII	126586	126637	+	126606	91.258748	46.560585	126606	126623	18	YBL049W	NA
595	chrII	132390	132499	+	132424	209.212234	42.835738	132399	132432	34	YBL046W	YBL059W
601	chrII	136421	136482	+	136424	6.518483	2.793635	136421	136448	28	YBL043W	NA
602	chrII	136513	136597	+	136527	36.938066	9.312117	136527	136560	34	YBL043W	NA
608	chrII	140923	141247	+	141196	3775.132255	830.02003	141195	141237	43	YBL041W	NA
613	chrII	142991	143108	+	143091	216.041118	63.943204	143085	143108	24	YBL039W-B	NA
614	chrII	146085	146136	+	146136	588.836201	230.940502	146113	146136	24	YBL038W	NA
616	chrII	147034	147204	+	147111	366.897416	100.570864	147100	147162	63	YBL037W	NA
627	chrII	160028	160147	+	160094	587.594588	205.176978	160092	160124	33	YBL032W	NA
634	chrII	161593	161724	+	161677	82.257039	26.694735	161661	161708	48	YBL031W	NA
642	chrII	165621	165682	+	165642	14.588985	3.414443	165621	165662	42	YBL029W	NA
643	chrII	166064	166136	+	166098	105.847733	20.176254	166079	166110	32	YBL029W	NA
649	chrII	168131	168219	+	168160	6.20808	1.241616	168143	168200	58	YBL027W	NA
650	chrII	168295	168415	+	168392	27210.316339	15375.857219	168392	168404	13	YBL027W	NA
653	chrII	169652	169721	+	169682	6.518483	3.724847	169652	169693	42	YBL026W	NA
655	chrII	170081	170098	+	170081	1.862424	0.931212	170081	170098	18	YBL026W	NA
656	chrII	170188	170293	+	170234	12.416158	3.104039	170206	170285	80	YBL026W	NA
657	chrII	170326	170414	+	170348	22.349083	5.58727	170334	170383	50	YBL026W	NA
658	chrII	170470	170623	+	170552	1568.160509	304.506227	170547	170600	54	YBL026W	NA
660	chrII	171355	171495	+	171418	167.928516	36.938064	171399	171483	85	YBL025W	NA
664	chrII	171906	172019	+	171961	7.139291	1.862423	171935	171994	60	YBL024W	NA
665	chrII	172418	172530	+	172511	1242.236415	430.840614	172504	172525	22	YBL024W	NA
675	chrII	181578	181662	+	181602	16.451409	4.035251	181579	181645	67	YBL020W	NA
677	chrII	182247	182357	+	182319	429.599004	130.369638	182319	182346	28	YBL020W	NA
683	chrII	184231	184433	+	184321	88.465119	20.176254	184293	184379	87	YBL019W	NA
689	chrII	191912	192101	+	191979	36.627665	7.760098	191912	192043	132	YBL016W	NA
690	chrII	192341	192456	+	192423	348.273181	53.389471	192365	192429	65	YBL016W	NA
696	chrII	193653	193690	+	193677	1.862424	0.620808	193653	193690	38	YBL015W	NA
697	chrII	193915	194053	+	194045	380.865591	146.510641	194019	194045	27	YBL015W	NA
713	chrII	201957	202100	+	202045	31.6612	6.518482	201990	202058	69	YBL013W	NA
717	chrII	203421	203510	+	203437	225.663641	38.17968	203436	203471	36	YBL011W	NA
730	chrII	207100	207222	+	207160	36.317261	10.243329	207141	207174	34	YBL009W	NA
734	chrII	209528	209630	+	209576	99.329252	32.902813	209566	209614	49	YBL008W	YBL100W-B
742	chrII	216509	216562	+	216509	1.241616	0.310404	216509	216562	54	YBL006W-A	NA
745	chrII	217329	217433	+	217408	222.249196	71.392897	217388	217421	34	YBL005W	NA
756	chrII	220693	220706	+	220702	1.241616	0.620808	220693	220706	14	YBL005W-A	NA
757	chrII	220862	220996	+	220948	125.40318	23.9011	220888	220977	90	YBL005W-A	NA
758	chrII	221275	221365	+	221302	53.389478	12.105752	221293	221362	70	YBL005W-A	NA
766	chrII	227461	227586	+	227529	1180.46604	160.789221	227511	227572	62	YBL004W	NA
803	chrII	236024	236059	+	236059	9.622522	2.483231	236037	236059	23	YBL002W	NA
804	chrII	236242	236480	+	236469	3219.509269	1052.579627	236408	236472	65	YBL002W	NA
814	chrII	242087	242113	+	242113	1.241616	0.620808	242087	242113	27	YBR003W	NA
816	chrII	242768	242808	+	242777	584.180145	154.581143	242775	242803	29	YBR003W	NA
822	chrII	245350	245365	+	245355	1.241616	0.620808	245350	245365	16	YBR005W	NA
823	chrII	245546	245589	+	245589	2.172828	1.241616	245546	245589	44	YBR005W	NA
824	chrII	245813	245960	+	245883	717.033019	99.950056	245842	245901	60	YBR005W	NA
829	chrII	246759	246970	+	246970	1195.675829	437.359096	246879	246970	92	YBR006W	NA
843	chrII	255857	255871	+	255868	1.55202	0.620808	255857	255871	15	YBR010W	NA
844	chrII	256102	256169	+	256102	7.449694	5.276866	256102	256161	60	YBR010W	NA
845	chrII	256209	256310	+	256303	5721.675104	4313.0622	256303	256307	5	YBR010W	NA
853	chrII	259152	259193	+	259176	2.793636	0.931212	259152	259193	42	YBR012W-A	NA
858	chrII	269757	269788	+	269759	2.483232	0.620808	269757	269788	32	YBR016W	NA
860	chrII	270167	270283	+	270217	2975.221393	627.015879	270198	270236	39	YBR016W	NA
868	chrII	281307	281452	+	281307	54.320684	11.795348	281307	281392	86	YBR021W	NA
876	chrII	283601	283743	+	283676	440.152736	124.782368	283661	283724	64	YBR022W	NA
883	chrII	289101	289145	+	289121	4.966463	2.793635	289106	289128	23	YBR024W	NA
884	chrII	289300	289591	+	289336	293.642099	63.943204	289328	289364	37	YBR024W	NA
897	chrII	297964	298116	+	298062	21.417872	3.414443	297998	298077	80	YBR030W	NA
898	chrII	298200	298264	+	298223	106.158138	35.386045	298213	298246	34	YBR030W	NA
907	chrII	300071	300160	+	300150	5018.299865	3362.295052	300142	300150	9	YBR031W	NA
911	chrII	301811	301831	+	301811	3.104039	1.862423	301811	301831	21	YBR033W	YBR032W
912	chrII	301897	301932	+	301921	4.035251	1.862423	301899	301921	23	YBR033W	NA
929	chrII	311629	311632	+	311632	1.862424	1.241616	311629	311632	4	YBR038W	NA
930	chrII	311723	311903	+	311847	641.294462	168.549318	311822	311861	40	YBR038W	NA
940	chrII	315477	315549	+	315539	1646.382293	436.427884	315484	315539	56	YBR039W	NA
945	chrII	316598	316614	+	316598	1.55202	0.620808	316598	316614	17	YBR040W	NA
947	chrII	316925	316982	+	316925	2.793636	0.620808	316925	316982	58	YBR040W	NA
951	chrII	318157	318253	+	318213	481.126046	179.103051	318204	318237	34	YBR041W	NA
978	chrII	331297	331297	+	331297	1.55202	1.55202	331297	331297	1	YBR047W	NA
979	chrII	331420	331423	+	331420	1.55202	0.931212	331420	331423	4	YBR047W	NA
980	chrII	331620	332118	+	331780	367.518231	71.392897	331772	331965	194	YBR047W	NA
982	chrII	332644	332821	+	332811	24315.489563	8844.959149	332802	332820	19	YBR048W	NA
992	chrII	337187	337249	+	337198	23.280294	13.968176	337193	337210	18	YBR051W	NA
994	chrII	337593	337602	+	337602	1.241616	0.620808	337593	337602	10	YBR051W	NA
1009	chrII	342503	342802	+	342787	8245.258821	3833.488173	342775	342791	17	YBR054W	NA
1010	chrII	342915	343392	+	342945	84.74028	8.380905	342945	343284	340	YBR054W	NA
1017	chrII	346925	346943	+	346927	3.414443	2.483231	346927	346934	8	YBR056W	NA
1018	chrII	347080	347101	+	347080	2.483232	0.931212	347080	347101	22	YBR056W	NA
1019	chrII	347754	348163	+	347809	884.340723	410.353957	347808	347874	67	YBR056W	NA
1027	chrII	350816	350819	+	350816	1.241616	0.931212	350816	350819	4	YBR056W-A	NA
1028	chrII	351109	351257	+	351228	1048.23398	330.580154	351211	351246	36	YBR056W-A	NA
1046	chrII	366750	366800	+	366800	12.726563	2.172827	366750	366800	51	YBR064W	NA
1072	chrII	380186	380383	+	380339	698.719188	241.494235	380328	380358	31	YBR071W	NA
1077	chrII	381342	381376	+	381342	3.414444	1.241616	381342	381356	15	YBR072W	NA
1078	chrII	381527	381546	+	381532	8.380905	5.276866	381527	381546	20	YBR072W	NA
1080	chrII	381639	381968	+	381956	3077.344283	2295.126441	381953	381959	7	YBR072W	NA
1094	chrII	386224	386286	+	386281	1145.079995	652.779403	386260	386283	24	YBR074W	NA
1111	chrII	390110	390125	+	390125	2.172828	1.55202	390110	390125	16	YBR076W	NA
1118	chrII	392127	392174	+	392138	5.587271	4.345655	392138	392160	23	YBR078W	NA
1119	chrII	392805	392962	+	392962	5124.768408	1822.070897	392947	392962	16	YBR078W	NA
1137	chrII	408373	408394	+	408394	1.55202	1.241616	408373	408394	22	YBR083W	NA
1138	chrII	408859	408990	+	408894	14.89939	2.172827	408868	408956	89	YBR083W	NA
1140	chrII	409076	409196	+	409122	91.25875	21.728273	409093	409169	77	YBR083W	NA
1146	chrII	410936	411040	+	411040	1821.13969	956.354418	410971	411040	70	YBR084W	NA
1157	chrII	415827	415951	+	415908	331.200969	61.149568	415879	415921	43	YBR085W	NA
1173	chrII	423302	423411	+	423353	16.761813	3.104039	423311	423384	74	YBR087W	NA
1174	chrII	423568	423586	+	423586	2.172827	1.862423	423568	423586	19	YBR087W	NA
1175	chrII	423727	423773	+	423754	374.347107	184.690321	423735	423765	31	YBR087W	NA
1189	chrII	431497	431511	+	431497	2.172828	0.620808	431497	431511	15	YBR094W	NA
1190	chrII	431918	432012	+	431970	250.49595	56.803914	431967	431985	19	YBR094W	NA
1203	chrII	435899	435999	+	435939	931.522111	376.519932	435935	435972	38	YBR096W	NA
1207	chrII	436855	436941	+	436920	344.237931	88.775516	436891	436920	30	YBR097W	NA
1232	chrII	447481	447644	+	447592	129.438431	30.109178	447534	447592	59	YBR103W	NA
1238	chrII	449537	449620	+	449607	120.436715	36.938064	449575	449607	33	YBR104W	NA
1243	chrII	452146	452228	+	452175	8.070503	3.104039	452158	452215	58	YBR106W	NA
1245	chrII	452520	452646	+	452622	1921.710552	503.164723	452583	452630	48	YBR106W	NA
1250	chrII	454318	454386	+	454342	9.001715	4.656059	454327	454378	52	YBR108W	NA
1251	chrII	454728	454827	+	454782	275.328265	46.560585	454774	454815	42	YBR108W	NA
1266	chrII	458132	458137	+	458132	1.241616	0.620808	458132	458137	6	YBR109W-A	NA
1267	chrII	458601	458727	+	458692	249.56474	50.90624	458657	458712	56	YBR110W	YBR109W-A
1268	chrII	458759	458865	+	458824	676.680508	287.123608	458821	458848	28	YBR110W	YBR109W-A
1274	chrII	461811	461909	+	461841	6.20808	1.241616	461831	461898	68	YBR111W-A	NA
1276	chrII	461970	462312	+	462102	1346.221732	198.658496	462098	462187	90	YBR111W-A	NA
1281	chrII	466699	466722	+	466709	6.518482	2.793635	466706	466719	14	YBR114W	NA
1282	chrII	467114	467658	+	467160	297.056546	42.525334	467155	467374	220	YBR114W	NA
1288	chrII	476742	476776	+	476742	2.172828	0.620808	476742	476776	35	YBR118W	NA
1289	chrII	476829	477005	+	476875	45.318972	8.380905	476870	476960	91	YBR118W	NA
1290	chrII	477140	477175	+	477151	3.414444	0.931212	477151	477169	19	YBR118W	NA
1291	chrII	477403	477489	+	477419	6.828887	2.793635	477409	477489	81	YBR118W	NA
1292	chrII	477528	477649	+	477649	68527.55875	45271.167296	477636	477649	14	YBR118W	NA
1297	chrII	478997	479020	+	479006	2.172828	0.931212	478997	479020	24	YBR119W	YBR118W
1298	chrII	479245	479338	+	479301	144.958626	39.110891	479282	479320	39	YBR119W	NA
1308	chrII	486024	486041	+	486026	2.172828	1.241616	486024	486041	18	YBR124W	NA
1316	chrII	490803	490836	+	490827	3147.805958	1813.689992	490822	490831	10	YBR126W-A	NA
1323	chrII	497103	497217	+	497133	103.674908	22.349081	497119	497208	90	YBR131W	NA
1337	chrII	504575	504584	+	504575	3.724847	2.483231	504575	504582	8	YBR135W	YBR134W
1338	chrII	504732	504827	+	504760	485.782108	160.478817	504750	504797	48	YBR135W	NA
1340	chrII	505573	505668	+	505623	206.108196	36.938064	505617	505668	52	YBR136W	NA
1354	chrII	512650	512796	+	512705	5.587272	1.241616	512652	512773	122	YBR137W	YBR136W
1355	chrII	512899	512991	+	512982	983.359561	297.366937	512943	512991	49	YBR137W	NA
1358	chrII	515602	515666	+	515656	1629.620481	623.291033	515652	515659	8	YBR139W	NA
1367	chrII	528166	528293	+	528270	518.68492	271.293009	528241	528270	30	YBR142W	NA
1379	chrII	533149	533193	+	533149	1.241616	0.620808	533149	533193	45	YBR145W	NA
1380	chrII	533453	533563	+	533499	4.966464	1.241616	533475	533550	76	YBR145W	NA
1381	chrII	533644	533721	+	533706	608.702051	360.999736	533706	533721	16	YBR145W	NA
1386	chrII	535162	535257	+	535188	536.998754	169.790934	535182	535232	51	YBR146W	NA
1391	chrII	536416	536583	+	536550	177.551039	42.835738	536435	536550	116	YBR147W	NA
1395	chrII	537693	537740	+	537709	9.001715	3.104039	537693	537721	29	YBR148W	NA
1405	chrII	539860	540642	+	539943	2469.883866	370.932661	539922	540023	102	YBR149W	NA
1409	chrII	544799	545016	+	544882	1346.842534	285.881993	544876	544955	80	YBR151W	NA
1414	chrII	546113	546154	+	546154	1.55202	0.931212	546113	546154	42	YBR152W	NA
1418	chrII	546987	547049	+	547021	2.793636	0.620808	546987	547049	63	YBR153W	YBR152W
1419	chrII	547367	547421	+	547396	76.980168	19.86585	547386	547413	28	YBR153W	NA
1422	chrII	549231	549256	+	549235	2.793636	1.55202	549231	549256	26	YBR155W	NA
1423	chrII	549667	549756	+	549734	400.110632	79.152995	549674	549751	78	YBR155W	NA
1439	chrII	555801	555888	+	555804	3.724848	0.620808	555804	555872	69	YBR158W	NA
1440	chrII	555942	555947	+	555947	4.345655	2.793635	555944	555947	4	YBR158W	NA
1441	chrII	555983	556311	+	556286	850.506697	573.316005	556225	556293	69	YBR158W	NA
1450	chrII	558592	558673	+	558644	1761.231733	663.333136	558630	558665	36	YBR159W	NA
1454	chrII	559892	560067	+	560000	584.490553	99.329248	559947	560028	82	YBR160W	NA
1458	chrII	561249	561911	+	561416	464.053848	34.144429	561416	561631	216	YBR161W	NA
1467	chrII	564771	564864	+	564854	27.936353	15.830599	564843	564859	17	YBR162W-A	NA
1468	chrII	564970	565019	+	564985	156.133165	47.491797	564985	565016	32	YBR162W-A	NA
1469	chrII	565165	565230	+	565214	7106.697307	1773.647888	565192	565220	29	YBR162W-A	NA
1470	chrII	565596	565894	+	565621	356.654093	62.701588	565610	565747	138	YBR163W	NA
1477	chrII	568708	568805	+	568765	422.770119	163.89326	568760	568768	9	YBR165W	NA
1481	chrII	571376	571447	+	571410	15.830601	3.104039	571381	571437	57	YBR168W	NA
1483	chrII	571780	571801	+	571799	1.55202	0.620808	571780	571801	22	YBR168W	NA
1484	chrII	571993	572180	+	572055	110.193388	14.588983	572033	572091	59	YBR168W	NA
1485	chrII	572214	572284	+	572244	106.778946	43.76695	572244	572266	23	YBR168W	NA
1493	chrII	578286	578352	+	578338	892.721623	351.066812	578321	578340	20	YBR171W	NA
1496	chrII	581663	581756	+	581756	17.693025	4.656059	581683	581756	74	YBR175W	NA
1497	chrII	582322	582605	+	582369	113.297432	16.451407	582369	582460	92	YBR175W	NA
1504	chrII	583586	583699	+	583602	85.050673	18.31383	583602	583699	98	YBR176W	NA
1509	chrII	585926	586005	+	585957	4.65606	1.55202	585926	585999	74	YBR178W	NA
1511	chrII	589385	589423	+	589397	5.276868	1.55202	589394	589411	18	YBR180W	NA
1512	chrII	589644	589673	+	589644	1.241616	0.310404	589644	589673	30	YBR180W	NA
1519	chrII	595232	595385	+	595252	8.070504	0.620808	595248	595375	128	YBR183W	NA
1520	chrII	595844	595924	+	595906	10.24333	2.793635	595877	595916	40	YBR183W	NA
1521	chrII	595972	596398	+	596060	1076.480739	244.598274	596018	596084	67	YBR183W	NA
1524	chrII	596866	596868	+	596866	2.172828	0.931212	596866	596868	3	YBR184W	YBR183W
1526	chrII	597196	597448	+	597358	49.66463	9.001713	597264	597378	115	YBR184W	NA
1528	chrII	600139	600184	+	600139	9.001715	2.172827	600139	600173	35	YBR186W	NA
1529	chrII	600457	600568	+	600547	26.384335	4.966462	600461	600547	87	YBR186W	NA
1530	chrII	602477	602861	+	602505	610.254082	123.540752	602500	602566	67	YBR187W	NA
1532	chrII	604391	604500	+	604485	12304.100227	3089.139619	604466	604486	21	YBR189W	NA
1535	chrII	605621	605626	+	605622	2.172828	1.55202	605621	605626	6	YBR190W	NA
1536	chrII	606170	606263	+	606248	19651.670954	14051.984583	606234	606248	15	YBR191W	YBR190W
1538	chrII	606671	606842	+	606808	263.843329	37.869276	606692	606822	131	YBR191W-A	YBR191W
1539	chrII	607416	607547	+	607511	157.374785	32.59241	607452	607531	80	YBR192W	NA
1545	chrII	609344	609421	+	609385	5.276868	1.55202	609370	609421	52	YBR194W	NA
1546	chrII	609728	609739	+	609734	1.55202	0.620808	609728	609739	12	YBR194W	NA
1547	chrII	609872	609994	+	609969	200.520923	31.661198	609897	609975	79	YBR194W	NA
1557	chrII	618790	618860	+	618816	2198.901238	496.646241	618816	618835	20	YBR199W	NA
1565	chrII	620749	620841	+	620817	583.248934	285.571589	620809	620817	9	YBR200W	NA
1574	chrII	623392	623491	+	623440	130.369642	24.211504	623433	623454	22	YBR201W	NA
1579	chrII	624858	624872	+	624872	2.793636	1.55202	624858	624872	15	YBR202W	NA
1580	chrII	625254	625338	+	625275	5.276868	0.931212	625259	625336	78	YBR202W	NA
1581	chrII	625431	625504	+	625492	3.724848	1.241616	625431	625492	62	YBR202W	NA
1583	chrII	625621	625783	+	625762	195.24406	20.797061	625676	625767	92	YBR202W	NA
1591	chrII	628335	628336	+	628335	1.55202	1.241616	628335	628336	2	YBR203W	NA
1592	chrII	628768	628787	+	628772	5.897674	4.966462	628772	628775	4	YBR203W	NA
1593	chrII	628848	629223	+	628973	123.230357	10.243329	628956	629167	212	YBR203W	NA
1603	chrII	633538	633630	+	633575	1201.883911	435.807077	633575	633614	40	YBR205W	NA
1606	chrII	634164	634384	+	634253	10.243332	1.55202	634188	634344	157	YBR206W	YBR205W
1607	chrII	634578	634610	+	634599	31.350795	13.657772	634598	634600	3	YBR206W	YBR205W
1608	chrII	635009	635155	+	635094	279.363519	70.772089	635057	635119	63	YBR207W	NA
1623	chrII	645304	645555	+	645516	1159.668977	390.798511	645512	645546	35	YBR210W	NA
1627	chrII	647413	647550	+	647480	724.793115	267.257758	647438	647540	103	YBR212W	NA
1628	chrII	647583	647895	+	647769	68.288863	15.520195	647632	647772	141	YBR212W	NA
1639	chrII	650237	650300	+	650298	133.784083	72.013705	650287	650300	14	YBR213W	NA
1642	chrII	651271	651359	+	651336	1192.882193	553.139751	651336	651354	19	YBR214W	NA
1649	chrII	653246	653398	+	653315	114.22864	31.04039	653279	653345	67	YBR215W	NA
1657	chrII	657723	657838	+	657785	254.531202	86.292284	657768	657818	51	YBR217W	NA
1668	chrII	670415	670526	+	670492	333.994601	128.507215	670467	670496	30	YBR225W	YBR224W
1681	chrII	674952	675010	+	674994	25.453119	15.520195	674978	674994	17	YBR228W	NA
1682	chrII	675300	675386	+	675313	109.262174	28.867563	675313	675375	63	YBR228W	YBR228W
1686	chrII	679409	679502	+	679430	10.243331	4.035251	679430	679475	46	YBR230W-A	NA
1687	chrII	679572	679626	+	679594	4.345656	1.241616	679572	679618	47	YBR230W-A	NA
1688	chrII	680176	680455	+	680302	557.485416	75.738552	680298	680401	104	YBR230W-A	NA
1690	chrII	683253	683439	+	683357	81.015423	12.416156	683298	683383	86	YBR233W	NA
1698	chrII	684533	684606	+	684552	6.828887	2.793635	684541	684571	31	YBR233W-A	YBR233W
1699	chrII	684864	684994	+	684947	672.645259	152.097911	684933	684958	26	YBR233W-A	NA
1701	chrII	686796	686858	+	686820	744.658962	281.846742	686817	686849	33	YBR235W	NA
1714	chrII	691869	691986	+	691925	342.065104	152.718719	691913	691946	34	YBR237W	NA
1737	chrII	703947	703994	+	703952	3.724848	0.931212	703952	703979	28	YBR242W	NA
1738	chrII	704031	704085	+	704069	4.035252	1.241616	704044	704085	42	YBR242W	NA
1739	chrII	704448	704578	+	704516	421.528501	97.466825	704494	704537	44	YBR242W	NA
1742	chrII	706924	706972	+	706924	2.793636	0.620808	706924	706972	49	YBR244W	NA
1744	chrII	707282	707393	+	707321	46.250184	11.17454	707302	707367	66	YBR244W	NA
1745	chrII	707426	707520	+	707492	1916.433684	762.972788	707475	707504	30	YBR244W	NA
1748	chrII	711411	711414	+	711414	1.862424	1.55202	711411	711414	4	YBR246W	NA
1749	chrII	711492	711593	+	711556	203.624959	82.877841	711538	711579	42	YBR246W	NA
1759	chrII	718381	718472	+	718405	9.001715	4.345655	718381	718438	58	YBR250W	NA
1760	chrII	718635	718675	+	718638	2.483232	0.931212	718635	718675	41	YBR250W	NA
1761	chrII	718899	718950	+	718928	1.55202	0.620808	718899	718950	52	YBR250W	NA
1765	chrII	720887	720981	+	720928	5.587272	0.931212	720899	720981	83	YBR251W	NA
1766	chrII	721287	721358	+	721331	605.90842	166.997299	721322	721354	33	YBR251W	NA
1769	chrII	722559	722609	+	722593	2161.96317	959.148053	722580	722593	14	YBR252W	NA
1771	chrII	723165	723242	+	723209	1090.448907	488.57574	723209	723235	27	YBR253W	NA
1772	chrII	724364	724471	+	724423	332.752985	101.502076	724420	724435	16	YBR255W	NA
1785	chrII	728332	728444	+	728353	13.968177	4.035251	728353	728416	64	YBR257W	NA
1786	chrII	728794	728902	+	728854	146.510645	48.112605	728831	728882	52	YBR257W	NA
1789	chrII	730282	730358	+	730341	100.881269	29.177967	730323	730345	23	YBR259W	NA
1798	chrII	736157	736260	+	736224	1550.157085	861.370824	736206	736240	35	YBR263W	NA
1805	chrII	738459	738604	+	738546	234.665356	68.599262	738530	738559	30	YBR265W	NA
1810	chrII	739309	739417	+	739384	6.20808	1.241616	739336	739417	82	YBR267W	YBR265W
1811	chrII	739739	739911	+	739829	124.471969	29.488371	739796	739843	48	YBR267W	NA
1816	chrII	741225	741307	+	741269	558.416621	156.75397	741269	741298	30	YBR268W	NA
1822	chrII	744557	744635	+	744594	8.070503	2.793635	744561	744616	56	YBR271W	NA
1823	chrII	744769	744852	+	744826	77.290574	44.077354	744817	744837	21	YBR271W	NA
1831	chrII	749161	749186	+	749186	1.241616	0.931212	749161	749186	26	YBR274W	NA
1832	chrII	749515	749611	+	749544	102.122887	30.419582	749538	749575	38	YBR274W	NA
1838	chrII	760221	760703	+	760269	549.10451	194.002438	760252	760354	103	YBR278W	NA
1839	chrII	761144	761256	+	761229	908.552221	261.04968	761210	761232	23	YBR279W	NA
1847	chrII	767403	767441	+	767403	2.483232	0.931212	767403	767441	39	YBR282W	NA
1848	chrII	767813	767957	+	767886	23.590701	6.828886	767839	767886	48	YBR282W	NA
1849	chrII	768166	768226	+	768195	925.934838	253.599987	768193	768220	28	YBR282W	NA
1856	chrII	770835	770896	+	770869	54.941493	22.038677	770864	770883	20	YBR284W	NA
1867	chrII	773739	773846	+	773846	130.059238	41.594123	773787	773846	60	YBR285W	NA
1869	chrII	774610	774696	+	774687	917.864337	336.167424	774667	774693	27	YBR286W	NA
1874	chrII	776468	776546	+	776538	3441.758454	1764.646175	776503	776546	44	YBR287W	NA
1880	chrII	779611	779681	+	779630	179.723862	48.423009	779630	779655	26	YBR289W	NA
1892	chrII	782164	782171	+	782166	5.897675	4.345655	782164	782169	6	YBR290W	YBR289W
1893	chrII	782537	782601	+	782584	2136.199649	962.252092	782558	782584	27	YBR290W	NA
1904	chrII	785891	786019	+	786009	47.802206	25.763524	785941	786009	69	YBR293W	NA
1906	chrII	786371	786426	+	786401	4.035252	1.241616	786374	786401	28	YBR293W	NA
1907	chrII	786602	786637	+	786602	2.172828	0.620808	786602	786637	36	YBR293W	NA
1924	chrII	792342	792488	+	792377	45.318973	10.864137	792363	792437	75	YBR295W	NA
1926	chrII	792738	792851	+	792798	156.753977	35.386045	792787	792833	47	YBR295W	NA
1944	chrII	799820	799868	+	799834	6.518484	1.55202	799834	799868	35	YBR297W	NA
1945	chrII	800125	800157	+	800125	1.55202	0.620808	800125	800157	33	YBR297W	NA
1947	chrII	800448	800747	+	800473	206.729006	32.902813	800464	800575	112	YBR297W	NA
1952	chrII	805126	805182	+	805141	7.7601	1.55202	805126	805172	47	YBR299W	NA
1953	chrII	805315	805341	+	805330	22.659487	7.449694	805323	805334	12	YBR299W	NA
1963	chrI	9038	9057	-	9038	2.483232	0.931212	9038	9057	20	YAL067C	NA
1964	chrI	9183	9241	-	9183	4.966463	1.862423	9183	9221	39	YAL067C	NA
1965	chrI	9407	9459	-	9407	2.483232	0.620808	9407	9459	53	YAL067C	NA
1976	chrI	23186	23242	-	23233	4.65606	1.55202	23211	23239	29	YAL063C-A	NA
1977	chrI	23604	23645	-	23639	6.518483	2.172827	23604	23639	36	YAL063C-A	NA
1982	chrI	28438	28576	-	28471	10.553734	2.793635	28459	28538	80	YAL063C	NA
2005	chrI	37252	37286	-	37252	3.414444	1.241616	37252	37286	35	YAL059C-A	NA
2015	chrI	45055	45104	-	45063	218.213945	81.636226	45059	45073	15	YAL054C	NA
2018	chrI	45624	45708	-	45672	16.141005	4.656059	45655	45708	54	YAL054C	NA
2025	chrI	52616	52710	-	52651	384.280031	77.290571	52617	52669	53	YAL049C	NA
2034	chrI	54741	54837	-	54790	54.320687	21.728273	54766	54804	39	YAL048C	NA
2035	chrI	55241	55282	-	55241	1.55202	0.620808	55241	55282	42	YAL048C	YAL022C
2040	chrI	56833	56906	-	56886	129.128027	43.456546	56861	56886	26	YAL047C	NA
2041	chrI	57189	57268	-	57195	2.793636	0.620808	57189	57268	80	YAL047C	YAL023C
2043	chrI	57999	58093	-	58085	3.10404	0.620808	58001	58085	85	YAL045C	YAL025C
2045	chrI	58463	58524	-	58476	2436.670621	838.71134	58466	58476	11	YAL044C	NA
2054	chrI	61008	61101	-	61058	45.008569	7.449694	61053	61093	41	YAL043C	NA
2055	chrI	61329	61341	-	61329	1.241616	0.310404	61329	61341	13	YAL043C	YAL026C-A
2056	chrI	62500	62571	-	62529	16.451408	5.58727	62517	62543	27	YAL042C-A	NA
2066	chrI	67786	67949	-	67844	848.954675	320.026422	67833	67850	18	YAL040C	NA
2067	chrI	68033	68120	-	68071	9.312119	1.862423	68038	68109	72	YAL040C	NA
2068	chrI	68168	68219	-	68206	14.588985	7.449694	68173	68215	43	YAL040C	NA
2075	chrI	69548	69659	-	69581	693.442321	93.12117	69564	69605	42	YAL039C	NA
2076	chrI	69998	70120	-	69998	4.035252	0.931212	69998	70095	98	YAL039C	NA
2078	chrI	70203	70329	-	70291	7.449696	1.55202	70229	70304	76	YAL039C	NA
2079	chrI	70488	70508	-	70506	1.241616	0.620808	70488	70508	21	YAL039C	NA
2084	chrI	74222	74239	-	74222	1.241616	0.310404	74222	74239	18	YAL037C-A	NA
2092	chrI	76174	76229	-	76184	699.339989	299.539764	76180	76199	20	YAL036C	NA
2099	chrI	81947	82022	-	81982	443.56718	119.505502	81974	81997	24	YAL034C	NA
2100	chrI	82263	82297	-	82289	3.10404	0.931212	82279	82297	19	YAL034C	NA
2101	chrI	82443	82483	-	82448	2.793636	0.931212	82443	82483	41	YAL034C	NA
2102	chrI	82522	82631	-	82562	47.802205	10.553733	82553	82596	44	YAL034C	NA
2103	chrI	82907	82922	-	82918	2.172828	0.931212	82907	82922	16	YAL034C	NA
2108	chrI	84465	84555	-	84494	93.431576	29.798774	84482	84507	26	YAL032C	NA
2118	chrI	87060	87114	-	87078	436.738292	302.643803	87060	87078	19	YAL031C	NA
2119	chrI	87713	87731	-	87722	1.241616	0.620808	87713	87731	19	YAL031C	NA
2138	chrI	92093	92598	-	92522	1144.769602	202.383343	92390	92547	158	YAL029C	NA
2142	chrI	95722	95977	-	95852	54.320688	6.518482	95773	95877	105	YAL026C-A	YAL043C
2143	chrI	96085	96127	-	96113	6.518483	2.793635	96090	96117	28	YAL026C-A	YAL043C
2144	chrI	96183	96348	-	96294	11.484946	5.58727	96226	96342	117	YAL026C-A	YAL043C
2163	chrI	99764	99811	-	99783	1072.755884	779.424195	99775	99783	9	YAL026C	NA
2165	chrI	101151	101248	-	101168	699.029587	359.137313	101161	101170	10	YAL025C	NA
2184	chrI	105931	106009	-	105962	162.651646	43.76695	105956	105985	30	YAL024C	NA
2195	chrI	108586	108722	-	108623	336.788238	46.250181	108623	108677	55	YAL023C	NA
2202	chrI	110380	110505	-	110446	161.410034	41.904527	110436	110471	36	YAL022C	NA
2203	chrI	110838	110897	-	110838	2.483232	0.620808	110838	110897	60	YAL022C	NA
2214	chrI	113389	113462	-	113403	510.61442	165.755683	113400	113418	19	YAL021C	NA
2218	chrI	114571	114679	-	114619	252.047974	63.943204	114571	114630	60	YAL020C	NA
2220	chrI	119582	119597	-	119594	1.55202	0.620808	119582	119597	16	YAL018C	NA
2221	chrI	120074	120147	-	120107	3.414444	0.620808	120085	120139	55	YAL018C	NA
2231	chrI	128033	128141	-	128102	131.921662	35.696449	128073	128102	30	YAL015C	YAL063C
2232	chrI	128279	128313	-	128279	1.241616	0.310404	128279	128313	35	YAL015C	YAL063C-A
2235	chrI	129019	129143	-	129050	501.612708	141.854583	129036	129074	39	YAL014C	NA
2245	chrI	135667	135739	-	135702	276.569881	56.183106	135682	135710	29	YAL010C	NA
2246	chrI	135926	135957	-	135928	1.55202	0.931212	135926	135957	32	YAL010C	NA
2247	chrI	136547	136585	-	136547	1.55202	0.931212	136547	136585	39	YAL010C	NA
2254	chrI	138389	138482	-	138417	2019.177378	646.260921	138414	138436	23	YAL007C	NA
2255	chrI	138934	139056	-	138964	14.588986	2.172827	138953	139054	102	YAL007C	NA
2263	chrI	141473	141719	-	141493	22177.117094	13026.720499	141488	141497	10	YAL005C	NA
2264	chrI	141904	141995	-	141904	3.10404	0.620808	141904	141979	76	YAL005C	NA
2266	chrI	142070	142108	-	142108	1.55202	0.620808	142070	142108	39	YAL005C	NA
2267	chrI	142284	142315	-	142287	1.862424	0.931212	142284	142315	32	YAL005C	NA
2283	chrI	151158	151316	-	151203	847.092249	344.237926	151179	151204	26	YAL001C	NA
2284	chrI	151379	151399	-	151379	1.55202	1.241616	151379	151399	21	YAL001C	NA
2285	chrI	151978	152018	-	152003	6.20808	1.55202	151987	152018	32	YAL001C	NA
2287	chrI	154731	154814	-	154740	1677.733088	902.033735	154740	154754	15	YAR002C-A	NA
2295	chrI	158637	158722	-	158661	244.598278	49.35422	158649	158696	48	YAR007C	NA
2310	chrI	169012	169061	-	169021	638.190423	316.922383	169016	169027	12	YAR014C	NA
2315	chrI	171693	171768	-	171711	137.198526	48.423009	171699	171744	46	YAR018C	NA
2316	chrI	171917	171988	-	171940	3.104039	1.862423	171917	171988	72	YAR018C	NA
2325	chrI	175120	175197	-	175135	37.869278	8.691309	175135	175187	53	YAR019C	YAR019C
2328	chrI	177281	177362	-	177358	3.414444	0.931212	177308	177362	55	YAR020C	NA
2331	chrI	180023	180188	-	180051	76.98017	18.003426	180051	180108	58	YAR023C	NA
2333	chrI	180658	180672	-	180658	2.483232	1.55202	180658	180672	15	YAR023C	NA
2345	chrI	187246	187281	-	187257	4.65606	1.55202	187246	187276	31	YAR030C	NA
2360	chrI	202505	202526	-	202526	1.241616	0.620808	202505	202526	22	YAR047C	NA
2385	chrII	10535	10604	-	10551	868.510116	494.16301	10551	10558	8	YBL107C	YBL010C
2395	chrII	13888	13973	-	13931	14.899389	7.449694	13909	13940	32	YBL106C	NA
2410	chrII	17708	17770	-	17741	13.657775	2.483231	17710	17759	50	YBL105C	NA
2411	chrII	17911	18024	-	17965	819.4663	303.575015	17950	17965	16	YBL105C	NA
2421	chrII	21195	21336	-	21313	54.631091	12.416156	21222	21318	97	YBL104C	NA
2432	chrII	23746	23816	-	23781	313.197537	85.671477	23774	23799	26	YBL103C	NA
2447	chrII	28764	28813	-	28782	3.724848	0.931212	28767	28813	47	YBL101C	NA
2455	chrII	44348	44862	-	44465	102.122898	11.795348	44441	44786	346	YBL094C	YBL029C-A
2456	chrII	44938	45105	-	44968	1660.660875	398.869012	44959	45017	59	YBL093C	NA
2457	chrII	45438	45473	-	45438	4.656059	2.172827	45438	45473	36	YBL093C	NA
2460	chrII	47181	47243	-	47193	803.014894	416.562035	47185	47193	9	YBL091C-A	NA
2461	chrII	47665	47687	-	47667	8.070501	2.793635	47666	47685	20	YBL091C-A	YBL033C
2468	chrII	48638	48718	-	48650	815.741455	551.587731	48641	48659	19	YBL091C	NA
2469	chrII	48972	49046	-	49038	10.243331	4.345655	48998	49046	49	YBL091C	NA
2470	chrII	49396	49464	-	49396	7.139291	3.724847	49396	49433	38	YBL091C	NA
2495	chrII	59529	59684	-	59548	318.474405	91.879555	59548	59591	44	YBL088C	NA
2499	chrII	60743	60892	-	60777	3870.426243	1156.875338	60757	60822	66	YBL087C	NA
2504	chrII	62373	62735	-	62717	469.020306	68.599262	62581	62717	137	YBL086C	NA
2514	chrII	69479	69615	-	69566	98.087637	24.832312	69522	69572	51	YBL084C	NA
2516	chrII	70223	70240	-	70239	3.104039	2.172827	70223	70240	18	YBL083C	YBL040C
2518	chrII	70517	70563	-	70563	2.172828	1.241616	70517	70563	47	YBL083C	YBL040C
2519	chrII	71136	71202	-	71159	165.134878	56.803914	71151	71173	23	YBL082C	NA
2520	chrII	71397	71406	-	71406	1.241616	0.620808	71397	71406	10	YBL082C	NA
2529	chrII	74706	74787	-	74711	147.752258	86.913092	74711	74775	65	YBL080C	NA
2530	chrII	74907	74994	-	74968	5.276868	1.55202	74915	74994	80	YBL080C	NA
2534	chrII	80729	80813	-	80754	1868.321081	495.715029	80749	80775	27	YBL078C	NA
2543	chrII	84269	84332	-	84290	4992.846744	2478.885551	84270	84307	38	YBL076C	NA
2551	chrII	86446	86485	-	86472	19.555448	7.13929	86457	86477	21	YBL075C	NA
2553	chrII	86744	86750	-	86744	1.55202	0.620808	86744	86750	7	YBL075C	YBL052C
2556	chrII	87690	87854	-	87800	109.882984	25.763524	87751	87814	64	YBL074C	NA
2557	chrII	88196	88301	-	88237	4.345656	0.931212	88221	88301	81	YBL074C	NA
2560	chrII	89450	89554	-	89464	17475.1188	8792.190486	89450	89464	15	YBL072C	YBL057C
2561	chrII	89590	89711	-	89680	11.484947	2.172827	89610	89687	78	YBL071C-B	NA
2573	chrII	95951	95989	-	95953	28.246756	24.832312	95953	95953	1	YBL067C	NA
2574	chrII	96103	96205	-	96112	707.100092	109.262173	96112	96174	63	YBL067C	NA
2586	chrII	100099	100182	-	100156	155.512356	43.76695	100140	100182	43	YBL066C	NA
2589	chrII	101161	101244	-	101188	2561.763394	1693.874086	101168	101214	47	YBL064C	NA
2590	chrII	101654	101671	-	101654	6.208079	4.345655	101654	101671	18	YBL064C	NA
2599	chrII	107506	107559	-	107506	209.833039	140.612967	107506	107518	13	YBL061C	NA
2600	chrII	107654	107714	-	107675	2.483232	0.620808	107654	107714	61	YBL061C	NA
2602	chrII	110531	110638	-	110571	1291.280231	427.736575	110551	110571	21	YBL059C-A	NA
2603	chrII	110722	110760	-	110760	2.483232	0.931212	110722	110760	39	YBL059C-A	NA
2604	chrII	111148	111228	-	111205	19.555448	5.897674	111151	111219	69	YBL059C-A	NA
2606	chrII	113382	113497	-	113439	668.610007	185.000725	113436	113452	17	YBL057C	NA
2612	chrII	117089	117255	-	117198	37.558876	9.932925	117137	117224	88	YBL055C	NA
2613	chrII	117631	117651	-	117642	1.55202	0.931212	117631	117651	21	YBL055C	NA
2629	chrII	122031	122188	-	122102	543.517233	89.085919	122042	122141	100	YBL052C	NA
2630	chrII	122513	122587	-	122582	13.036966	4.656059	122526	122586	61	YBL052C	NA
2640	chrII	124779	124864	-	124822	924.072411	357.895697	124817	124844	28	YBL051C	NA
2657	chrII	132136	132225	-	132196	1253.100554	347.031561	132179	132206	28	YBL047C	NA
2667	chrII	135462	135817	-	135702	2070.394036	863.233248	135640	135720	81	YBL045C	NA
2676	chrII	140314	140385	-	140316	344.237929	225.353232	140316	140349	34	YBL042C	NA
2677	chrII	140946	141009	-	141009	2.172828	0.620808	140946	141009	64	YBL042C	NA
2679	chrII	142887	142965	-	142896	2144.580553	706.168874	142892	142911	20	YBL040C	NA
2680	chrII	143019	143160	-	143111	15.8306	3.414443	143066	143111	46	YBL040C	NA
2681	chrII	143607	143607	-	143607	1.241616	1.241616	143607	143607	1	YBL040C	NA
2688	chrII	145758	145847	-	145782	2731.864733	1291.590631	145770	145807	38	YBL039C	NA
2694	chrII	151214	151272	-	151236	711.445741	364.414179	151228	151265	38	YBL036C	NA
2701	chrII	153608	153745	-	153688	50.906243	13.968176	153668	153703	36	YBL035C	NA
2717	chrII	158438	158500	-	158451	354.79166	178.482243	158448	158459	12	YBL034C	NA
2718	chrII	158793	158941	-	158793	4.966464	0.620808	158793	158940	148	YBL034C	YBL091C
2721	chrII	159696	159765	-	159721	336.167427	248.633524	159707	159721	15	YBL033C	NA
2727	chrII	163877	164017	-	164017	98.708446	45.008566	163906	164017	112	YBL030C	NA
2728	chrII	164094	164241	-	164115	4220.251439	918.485142	164113	164141	29	YBL030C	NA
2729	chrII	164350	164400	-	164361	3.10404	0.620808	164361	164394	34	YBL030C	NA
2731	chrII	164772	164905	-	164828	2896.68921	602.493971	164811	164847	37	YBL029C-A	NA
2732	chrII	164949	165051	-	165005	8.691311	1.862423	164949	165037	89	YBL029C-A	NA
2733	chrII	165323	165380	-	165349	6.518482	2.172827	165328	165353	26	YBL029C-A	NA
2740	chrII	167845	167926	-	167877	2414.01114	865.406075	167850	167890	41	YBL028C	NA
2762	chrII	177527	177669	-	177579	289.296438	149.304276	177567	177613	47	YBL023C	NA
2775	chrII	181140	181300	-	181300	93.741982	60.528761	181169	181300	132	YBL022C	NA
2776	chrII	181358	181436	-	181394	782.528237	213.868288	181385	181408	24	YBL022C	NA
2779	chrII	181878	182180	-	182118	420.907696	83.498649	182094	182141	48	YBL021C	NA
2784	chrII	186469	186563	-	186508	547.242081	141.233775	186504	186524	21	YBL018C	NA
2785	chrII	186656	186686	-	186656	1.241616	0.620808	186656	186686	31	YBL018C	NA
2810	chrII	191586	191713	-	191626	307.610274	99.639652	191615	191678	64	YBL017C	NA
2811	chrII	191745	191873	-	191749	1140.423937	202.693747	191749	191791	43	YBL017C	NA
2813	chrII	192028	192134	-	192064	33.21322	19.86585	192060	192073	14	YBL017C	NA
2814	chrII	192168	192221	-	192206	11.174543	2.793635	192174	192221	48	YBL017C	NA
2833	chrII	201627	201868	-	201777	158.305997	29.488371	201713	201779	67	YBL014C	NA
2834	chrII	202012	202016	-	202016	1.241616	0.931212	202012	202016	5	YBL014C	NA
2835	chrII	202175	202306	-	202284	19.865852	3.724847	202202	202284	83	YBL014C	NA
2842	chrII	206922	207002	-	206951	105.847732	15.830599	206940	206984	45	YBL010C	NA
2858	chrII	216371	216478	-	216415	1841.005541	473.676352	216404	216422	19	YBL007C	NA
2859	chrII	216595	216786	-	216700	24.211507	9.932925	216669	216720	52	YBL007C	YBL111C
2861	chrII	217093	217204	-	217150	1529.360027	250.806352	217123	217160	38	YBL006C	NA
2862	chrII	217263	217387	-	217283	22.038679	9.312117	217268	217305	38	YBL006C	NA
2863	chrII	217915	217933	-	217933	1.862424	0.931212	217915	217933	19	YBL006C	NA
2873	chrII	235806	235923	-	235819	12859.102396	3364.778283	235812	235846	35	YBL003C	NA
2874	chrII	235961	236014	-	235971	62.391186	15.830599	235963	235996	34	YBL003C	NA
2875	chrII	236208	236229	-	236208	6.828886	3.414443	236208	236218	11	YBL003C	NA
2879	chrII	237434	237622	-	237478	3970.065899	1649.175924	237478	237532	55	YBL001C	NA
2880	chrII	237738	237842	-	237757	4.345656	0.620808	237750	237824	75	YBL001C	NA
2881	chrII	237991	238088	-	238019	5.587272	1.55202	238019	238084	66	YBL001C	NA
2893	chrII	241339	241456	-	241339	673.266065	169.48053	241339	241424	86	YBR001C	NA
2897	chrII	242540	242613	-	242568	173.205382	32.282006	242568	242603	36	YBR002C	YBR002C
2904	chrII	245478	245739	-	245683	354.481266	44.077354	245526	245694	169	YBR004C	NA
2905	chrII	246367	246405	-	246370	2.483232	0.931212	246367	246405	39	YBR004C	NA
2916	chrII	251072	251141	-	251106	26.384334	5.276866	251090	251135	46	YBR007C	NA
2920	chrII	254291	254295	-	254294	3.414443	2.172827	254294	254295	2	YBR008C	NA
2921	chrII	254386	254459	-	254427	104.295714	36.006852	254421	254433	13	YBR008C	NA
2922	chrII	254639	254670	-	254645	5.587271	2.172827	254639	254670	32	YBR008C	NA
2923	chrII	254859	254975	-	254890	128.196816	29.488371	254879	254939	61	YBR008C	NA
2924	chrII	255149	255172	-	255164	2.483232	1.241616	255149	255172	24	YBR008C	NA
2925	chrII	255650	255954	-	255720	9067.518757	2463.054952	255710	255728	19	YBR009C	NA
2926	chrII	256172	256209	-	256201	3.724848	1.55202	256172	256201	30	YBR009C	NA
2929	chrII	257991	258064	-	258006	13162.987814	4957.771101	257996	258014	19	YBR011C	NA
2936	chrII	265914	266094	-	266067	178.48225	31.971602	265974	266073	100	YBR013C	NA
2937	chrII	266145	266268	-	266226	9.622524	1.55202	266173	266265	93	YBR013C	NA
2940	chrII	267340	267549	-	267419	1152.529693	264.153719	267350	267419	70	YBR014C	NA
2949	chrII	269575	269677	-	269596	1146.011204	735.657245	269591	269631	41	YBR015C	NA
2950	chrII	269860	269985	-	269914	41.904531	9.312117	269896	269956	61	YBR015C	NA
2963	chrII	273707	273791	-	273750	997.01733	240.873427	273725	273780	56	YBR017C	NA
2965	chrII	275521	275707	-	275599	85.361078	28.557159	275547	275662	116	YBR018C	NA
2990	chrII	287928	287966	-	287942	65.184822	40.352507	287940	287955	16	YBR023C	NA
2991	chrII	288038	288151	-	288069	662.712332	363.172564	288053	288077	25	YBR023C	NA
3000	chrII	291872	292043	-	291902	2785.564615	851.4379	291886	291980	95	YBR025C	NA
3001	chrII	292196	292344	-	292309	9.932928	1.241616	292218	292320	103	YBR025C	NA
3005	chrII	293975	294150	-	294087	898.619302	298.298149	294017	294087	71	YBR026C	YBR027C
3007	chrII	294752	294799	-	294783	2.172828	1.241616	294752	294799	48	YBR027C	YBR028C
3013	chrII	296015	296123	-	296063	454.741721	86.913092	296027	296097	71	YBR028C	NA
3019	chrII	297774	297868	-	297822	297.056537	143.717006	297777	297824	48	YBR029C	NA
3020	chrII	298084	298115	-	298104	5.58727	2.172827	298096	298115	20	YBR029C	NA
3035	chrII	305977	306073	-	305999	495.40463	171.032549	305987	306022	36	YBR034C	NA
3039	chrII	306959	307022	-	306985	2757.938663	1156.564934	306972	306990	19	YBR035C	NA
3040	chrII	307146	307168	-	307146	1.241616	0.620808	307146	307168	23	YBR035C	NA
3041	chrII	307274	307418	-	307348	75.738555	17.072215	307340	307412	73	YBR035C	NA
3042	chrII	307508	307673	-	307569	34.765242	5.276866	307528	307634	107	YBR035C	NA
3043	chrII	307794	307901	-	307825	4.035252	0.931212	307809	307889	81	YBR035C	NA
3049	chrII	310316	310402	-	310361	586.973781	218.213942	310337	310372	36	YBR036C	NA
3053	chrII	311447	311565	-	311486	524.893	140.302563	311467	311501	35	YBR037C	NA
3061	chrII	321615	321731	-	321636	299.229364	34.144429	321627	321663	37	YBR042C	NA
3062	chrII	321998	322008	-	322002	1.862424	0.620808	321998	322008	11	YBR042C	YBR043C
3067	chrII	324017	324121	-	324094	302.022998	131.921658	324023	324094	72	YBR043C	NA
3078	chrII	326617	326706	-	326651	9.312118	4.966462	326620	326693	74	YBR044C	NA
3089	chrII	330196	330283	-	330200	2.483232	0.620808	330196	330283	88	YBR045C	NA
3095	chrII	331526	331595	-	331542	862.612444	228.767675	331526	331584	59	YBR046C	NA
3096	chrII	332390	332398	-	332390	3.414444	1.241616	332390	332398	9	YBR046C	NA
3109	chrII	336609	336977	-	336930	781.597034	102.743691	336841	336957	117	YBR049C	NA
3110	chrII	337123	337123	-	337123	1.862423	1.862423	337123	337123	1	YBR049C	NA
3114	chrII	337878	338518	-	338240	288.054834	25.763524	338183	338339	157	YBR050C	NA
3117	chrII	339389	339517	-	339413	2398.180545	888.375964	339397	339423	27	YBR052C	NA
3122	chrII	340739	340821	-	340775	1374.158071	433.944653	340745	340775	31	YBR053C	NA
3123	chrII	341167	341296	-	341194	11.174543	3.104039	341186	341293	108	YBR053C	NA
3124	chrII	341345	341432	-	341345	5.276868	1.241616	341345	341432	88	YBR053C	NA
3125	chrII	341498	341557	-	341498	11.484946	3.724847	341498	341531	34	YBR053C	NA
3143	chrII	347263	347474	-	347322	439.84233	130.680042	347265	347344	80	YBR055C	NA
3149	chrII	351470	351514	-	351503	6.208079	2.793635	351479	351504	26	YBR056C-B	NA
3150	chrII	351676	351725	-	351725	1.862424	0.620808	351676	351725	50	YBR056C-B	NA
3157	chrII	353362	353427	-	353383	416.872442	152.408315	353371	353399	29	YBR057C	NA
3158	chrII	353762	353763	-	353763	1.241616	0.931212	353762	353763	2	YBR057C	YBR058C
3165	chrII	356011	356103	-	356039	757.075118	374.967912	356038	356069	32	YBR058C	NA
3166	chrII	356267	356300	-	356267	1.862424	0.620808	356267	356300	34	YBR058C	NA
3167	chrII	356423	356510	-	356461	23.280297	6.518482	356448	356490	43	YBR058C	YBR058C-A
3168	chrII	356584	356651	-	356625	5049.340255	1877.943599	356595	356625	31	YBR058C-A	NA
3169	chrII	356766	356823	-	356805	9.932927	4.345655	356769	356823	55	YBR058C-A	NA
3186	chrII	360290	360356	-	360320	744.658964	273.155433	360298	360334	37	YBR059C	NA
3191	chrII	362491	362639	-	362601	195.554465	50.595836	362527	362632	106	YBR060C	NA
3196	chrII	365713	365793	-	365726	227.836468	84.119457	365722	365754	33	YBR061C	NA
3199	chrII	366578	366664	-	366610	419.976484	177.861435	366598	366625	28	YBR062C	NA
3200	chrII	366935	367008	-	366973	4.966464	1.55202	366937	367008	72	YBR062C	YBR063C
3206	chrII	368231	368264	-	368253	3.724848	1.55202	368238	368261	24	YBR063C	NA
3212	chrII	369313	369765	-	369732	587.904997	87.223496	369690	369750	61	YBR065C	NA
3215	chrII	370693	370827	-	370755	180.965479	42.525334	370737	370782	46	YBR066C	NA
3216	chrII	370863	371018	-	370974	30.419587	4.656059	370904	371007	104	YBR066C	NA
3217	chrII	371049	371216	-	371092	24.52191	7.760098	371090	371154	65	YBR066C	NA
3218	chrII	371542	371577	-	371575	3.724848	1.241616	371542	371577	36	YBR066C	NA
3221	chrII	372757	372973	-	372786	7397.235365	3586.406668	372780	372794	15	YBR067C	NA
3222	chrII	373023	373170	-	373087	13.657775	1.862423	373032	373155	124	YBR067C	NA
3223	chrII	373319	373420	-	373386	6.518484	0.931212	373329	373406	78	YBR067C	NA
3230	chrII	375700	375790	-	375752	1207.781583	545.690057	375724	375760	37	YBR068C	NA
3231	chrII	375831	375961	-	375869	59.597552	24.832312	375848	375901	54	YBR068C	NA
3233	chrII	376241	376262	-	376241	1.862424	0.620808	376241	376262	22	YBR068C	NA
3234	chrII	376467	376474	-	376467	1.241616	0.931212	376467	376474	8	YBR068C	NA
3240	chrII	378533	378689	-	378538	1423.822697	1073.687092	378537	378543	7	YBR069C	NA
3241	chrII	378772	378776	-	378772	3.414443	2.172827	378772	378775	4	YBR069C	NA
3245	chrII	379646	380044	-	379955	317.5432	86.292284	379812	379983	172	YBR070C	NA
3247	chrII	380245	380309	-	380307	3.414444	0.620808	380249	380307	59	YBR070C	NA
3261	chrII	391596	391709	-	391646	63.3224	12.72656	391641	391687	47	YBR076C-A	NA
3262	chrII	391747	391958	-	391892	24.832319	3.724847	391751	391924	174	YBR076C-A	YBR077C
3263	chrII	391998	392073	-	392051	9.622524	1.55202	392000	392063	64	YBR076C-A	YBR077C
3265	chrII	392288	392375	-	392352	651.848198	112.98702	392326	392355	30	YBR077C	NA
3266	chrII	392699	392848	-	392717	118.26389	83.188245	392706	392726	21	YBR077C	NA
3279	chrII	398290	398348	-	398302	458.466566	357.585294	398302	398312	11	YBR079C	NA
3289	chrII	400860	400978	-	400916	1162.462612	472.124333	400884	400922	39	YBR080C	NA
3309	chrII	405385	405430	-	405397	876.891022	596.596297	405394	405397	4	YBR081C	NA
3313	chrII	407100	407306	-	407246	7426.41333	946.111089	407195	407288	94	YBR082C	NA
3314	chrII	407773	407876	-	407850	2.793636	0.620808	407773	407876	104	YBR082C	NA
3315	chrII	408155	408189	-	408155	4.345656	0.931212	408155	408185	31	YBR082C	NA
3325	chrII	415270	415389	-	415283	21289.051531	9081.176518	415271	415293	23	YBR084C-A	NA
3326	chrII	415432	415522	-	415494	68.599266	35.696449	415440	415494	55	YBR084C-A	NA
3333	chrII	419174	419585	-	419193	10656.165918	6283.506161	419193	419225	33	YBR085C-A	NA
3335	chrII	419616	419646	-	419632	9.622522	4.035251	419616	419632	17	YBR085C-A	NA
3336	chrII	419680	419860	-	419810	28.867566	6.208078	419697	419834	138	YBR085C-A	NA
3337	chrII	420043	420082	-	420043	1.241616	0.620808	420043	420082	40	YBR085C-A	NA
3349	chrII	423050	423383	-	423344	1535.878513	187.173552	423201	423358	158	YBR086C	NA
3354	chrII	425799	425891	-	425806	982.738752	336.788232	425799	425828	30	YBR088C	NA
3355	chrII	426094	426149	-	426127	2.483232	0.931212	426094	426149	56	YBR088C	NA
3358	chrII	426887	426955	-	426899	1921.710549	1214.610463	426899	426912	14	YBR089C-A	YBR090C
3359	chrII	427338	427345	-	427339	2.483232	1.55202	427338	427345	8	YBR090C	YBR091C
3360	chrII	427482	427560	-	427525	486.402915	272.224221	427503	427525	23	YBR091C	NA
3367	chrII	429101	429250	-	429130	650.606579	209.833037	429115	429132	18	YBR092C	NA
3368	chrII	429374	429415	-	429415	1.55202	0.620808	429374	429415	42	YBR092C	NA
3375	chrII	430971	431104	-	430998	964.114518	269.430586	430983	430998	16	YBR093C	NA
3376	chrII	431178	431315	-	431223	19.245042	4.966462	431201	431270	70	YBR093C	NA
3377	chrII	431394	431429	-	431398	9.001714	3.724847	431394	431427	34	YBR093C	NA
3378	chrII	431538	431552	-	431538	1.241616	0.620808	431538	431552	15	YBR093C	NA
3379	chrII	431724	431870	-	431821	40.042106	11.17454	431760	431831	72	YBR093C	NA
3386	chrII	435671	435752	-	435738	336.167428	160.789221	435701	435738	38	YBR095C	NA
3395	chrII	444651	444790	-	444717	712.376959	227.215655	444697	444755	59	YBR101C	NA
3404	chrII	447343	447477	-	447401	133.784085	62.08078	447358	447401	44	YBR102C	NA
3405	chrII	447548	447552	-	447552	2.172828	1.55202	447548	447552	5	YBR102C	NA
3412	chrII	451982	452130	-	452009	624.532654	145.269026	451992	452038	47	YBR105C	NA
3419	chrII	454497	454664	-	454551	175.378213	44.077354	454507	454611	105	YBR107C	NA
3422	chrII	458399	458454	-	458406	6863.030249	4193.867102	458401	458416	16	YBR109C	NA
3428	chrII	462101	462140	-	462125	1.241616	0.620808	462101	462140	40	YBR111C	NA
3429	chrII	462606	462621	-	462619	1.55202	0.620808	462606	462621	16	YBR111C	NA
3445	chrII	465900	465999	-	465972	780.045009	258.876853	465927	465972	46	YBR112C	NA
3446	chrII	466106	466194	-	466164	21.107468	4.035251	466117	466194	78	YBR112C	NA
3447	chrII	466261	466299	-	466299	6.828887	3.104039	466266	466299	34	YBR112C	NA
3468	chrII	473861	474099	-	474043	528.928256	72.324109	473959	474043	85	YBR115C	NA
3469	chrII	474200	474225	-	474219	1.241616	0.620808	474200	474225	26	YBR115C	YBR116C
3470	chrII	474760	474802	-	474802	2.172828	1.241616	474760	474802	43	YBR116C	YBR117C
3472	chrII	474964	475141	-	475069	4.345656	0.620808	474993	475132	140	YBR116C	YBR117C
3473	chrII	475171	475192	-	475180	2.793636	1.55202	475171	475192	22	YBR116C	YBR117C
3479	chrII	476472	476516	-	476478	879.684654	574.55762	476472	476489	18	YBR117C	NA
3481	chrII	476846	476860	-	476846	1.55202	1.241616	476846	476860	15	YBR117C	NA
3482	chrII	477011	477064	-	477052	5.276868	1.241616	477030	477063	34	YBR117C	NA
3483	chrII	477297	477362	-	477351	19.245042	8.380905	477328	477362	35	YBR117C	NA
3489	chrII	480958	481071	-	480993	665.195561	252.668775	480992	481014	23	YBR120C	NA
3490	chrII	481669	482004	-	481764	99.950068	12.105752	481761	481965	205	YBR120C	YBR121C-A
3492	chrII	482515	482625	-	482567	8.380908	1.55202	482531	482609	79	YBR121C-A	YBR121C-A
3493	chrII	482673	482838	-	482729	13.657775	2.483231	482690	482799	110	YBR121C-A	YBR121C-A
3497	chrII	483415	483593	-	483434	8560.008382	1260.239837	483415	483527	113	YBR121C	NA
3500	chrII	484523	484564	-	484543	794.323586	333.994597	484531	484552	22	YBR122C	NA
3507	chrII	486683	486798	-	486754	102.122887	39.421295	486709	486759	51	YBR123C	NA
3513	chrII	488518	488587	-	488568	288.67563	55.251894	488540	488570	31	YBR125C	NA
3514	chrII	488731	488766	-	488731	2.793636	0.931212	488731	488766	36	YBR125C	NA
3520	chrII	490449	490560	-	490463	2351.930359	602.804375	490453	490495	43	YBR126C	NA
3522	chrII	490787	490860	-	490860	6.518483	2.483231	490802	490860	59	YBR126C	NA
3523	chrII	491030	491121	-	491080	37.248473	7.449694	491048	491116	69	YBR126C	NA
3527	chrII	492841	492944	-	492871	12529.763859	2158.238321	492845	492886	42	YBR127C	NA
3530	chrII	494065	494294	-	494176	219.455565	30.109178	494123	494192	70	YBR128C	NA
3533	chrII	495325	495449	-	495374	252.979183	76.35936	495331	495384	54	YBR129C	NA
3537	chrII	496864	496953	-	496938	546.000465	142.785794	496898	496938	41	YBR130C	NA
3548	chrII	501557	501647	-	501594	319.405617	116.091059	501591	501607	17	YBR132C	NA
3559	chrII	504386	504489	-	504407	391.108919	136.88812	504407	504446	40	YBR133C	NA
3570	chrII	515334	515528	-	515366	150.5459	33.834025	515362	515425	64	YBR138C	NA
3618	chrII	526685	526821	-	526685	13.036967	2.793635	526685	526812	128	YBR140C	NA
3619	chrII	526891	526961	-	526928	1311.456481	292.400474	526918	526939	22	YBR140C	NA
3622	chrII	527979	528095	-	528041	48.423011	9.622521	528041	528083	43	YBR141C	NA
3627	chrII	532186	532313	-	532204	2008.002843	504.716742	532204	532271	68	YBR143C	NA
3628	chrII	532948	533086	-	533007	17.38262	11.17454	533007	533057	51	YBR143C	NA
3656	chrII	544495	544565	-	544506	264.153721	92.810766	544499	544524	26	YBR150C	NA
3657	chrII	544740	544788	-	544749	15.520196	7.760098	544740	544749	10	YBR150C	NA
3658	chrII	544908	544974	-	544964	4.65606	1.55202	544921	544970	50	YBR150C	NA
3668	chrII	549061	549167	-	549100	2004.277993	699.339988	549092	549132	41	YBR154C	NA
3669	chrII	549511	549534	-	549532	15.520196	11.795348	549520	549532	13	YBR154C	NA
3680	chrII	553124	553266	-	553255	43.456551	13.657772	553213	553255	43	YBR156C	NA
3684	chrII	554306	554400	-	554382	187.173557	29.488371	554310	554392	83	YBR157C	NA
3685	chrII	554432	554518	-	554500	12.726564	1.55202	554439	554515	77	YBR157C	NA
3686	chrII	554561	554628	-	554602	14.278581	5.58727	554577	554628	52	YBR157C	NA
3689	chrII	554750	555269	-	555139	108.330971	11.795348	554832	555231	400	YBR157C	NA
3708	chrII	564408	564604	-	564591	109.262181	28.246755	564435	564591	157	YBR162C	NA
3709	chrII	564647	564917	-	564706	4338.515334	1258.687817	564706	564808	103	YBR162C	NA
3715	chrII	568302	568576	-	568535	2578.835614	661.160308	568487	568548	62	YBR164C	NA
3722	chrII	571220	571310	-	571243	741.554923	548.483692	571241	571246	6	YBR166C	NA
3723	chrII	571685	571687	-	571685	1.241616	0.931212	571685	571687	3	YBR166C	YBR167C
3724	chrII	571885	571965	-	571926	444.187986	105.537326	571899	571932	34	YBR167C	NA
3725	chrII	572080	572167	-	572090	68.288861	11.17454	572090	572142	53	YBR167C	NA
3726	chrII	572219	572360	-	572298	24.211508	3.104039	572277	572336	60	YBR167C	NA
3727	chrII	572460	572502	-	572460	1.241616	0.310404	572460	572502	43	YBR167C	NA
3736	chrII	575994	576127	-	576015	779.113794	140.302563	576011	576030	20	YBR169C	NA
3743	chrII	578086	578180	-	578136	769.18087	430.219806	578106	578141	36	YBR170C	NA
3744	chrII	578531	578531	-	578531	1.241616	1.241616	578531	578531	1	YBR170C	NA
3755	chrII	581402	581501	-	581467	97.156423	31.350794	581430	581483	54	YBR172C	NA
3758	chrII	582176	582226	-	582194	2756.697046	741.244515	582183	582215	33	YBR173C	NA
3759	chrII	583367	583429	-	583402	8.380906	3.414443	583378	583402	25	YBR174C	NA
3767	chrII	586139	586280	-	586195	732.242805	144.02741	586165	586223	59	YBR177C	NA
3778	chrII	589128	589239	-	589173	317.853599	66.116031	589169	589208	40	YBR179C	NA
3784	chrII	592782	592907	-	592799	29466.021485	12418.01845	592790	592813	24	YBR181C	NA
3785	chrII	593446	593468	-	593468	1.55202	1.241616	593446	593468	23	YBR181C	NA
3792	chrII	594946	595034	-	594976	28.246758	9.001713	594976	595026	51	YBR182C	NA
3794	chrII	595541	595612	-	595597	15.209792	5.58727	595553	595597	45	YBR182C-A	NA
3795	chrII	595719	595915	-	595849	19.555449	5.58727	595738	595878	141	YBR182C-A	NA
3796	chrII	596245	596281	-	596269	3.10404	0.931212	596245	596269	25	YBR182C-A	NA
3801	chrII	599939	600037	-	599978	339.892275	90.948343	599970	600008	39	YBR185C	NA
3802	chrII	600319	600370	-	600351	2.483232	0.620808	600319	600370	52	YBR185C	NA
3805	chrII	604182	604223	-	604182	708.341705	400.421032	604182	604186	5	YBR188C	NA
3811	chrII	609724	609826	-	609794	416.872443	120.747117	609738	609797	60	YBR193C	NA
3812	chrII	609879	609970	-	609928	3.10404	0.931212	609896	609948	53	YBR193C	NA
3818	chrII	611859	611980	-	611925	173.826189	41.594123	611872	611928	57	YBR195C	NA
3825	chrII	613909	614117	-	613942	14231.398045	4661.335376	613909	613942	34	YBR196C	NA
3826	chrII	614302	614319	-	614307	4.966464	1.55202	614305	614319	15	YBR196C-A	NA
3828	chrII	614666	614803	-	614716	23.5907	4.656059	614709	614803	95	YBR196C-B	NA
3830	chrII	614857	614998	-	614910	37.869279	5.897674	614872	614981	110	YBR196C-B	NA
3833	chrII	615814	615904	-	615876	140.612972	23.9011	615848	615891	44	YBR197C	NA
3834	chrII	616324	616452	-	616332	3.414444	0.620808	616332	616436	105	YBR197C	YBR198C
3843	chrII	618564	618623	-	618601	1209.954404	508.751993	618574	618601	28	YBR198C	NA
3847	chrII	624748	624788	-	624760	230.009294	131.921658	624760	624765	6	YBR201C-A	NA
3849	chrII	624823	625140	-	625057	81.015426	12.416156	624857	625068	212	YBR201C-A	NA
3850	chrII	625365	625450	-	625394	8.380908	1.241616	625377	625442	66	YBR201C-A	NA
3864	chrII	633406	633457	-	633422	128.196815	32.59241	633412	633449	38	YBR204C	NA
3888	chrII	642313	642678	-	642353	776.940979	153.029123	642345	642669	325	YBR208C	NA
3899	chrII	647211	647266	-	647229	397.937802	146.200237	647215	647235	21	YBR211C	NA
3921	chrII	657564	657687	-	657630	214.178698	50.595836	657601	657649	49	YBR216C	NA
3922	chrII	658017	658030	-	658030	1.241616	0.931212	658017	658030	14	YBR216C	NA
3923	chrII	658317	658331	-	658317	1.55202	0.931212	658317	658331	15	YBR216C	NA
3939	chrII	661756	662418	-	662338	469.641119	57.735126	662251	662396	146	YBR218C	NA
3940	chrII	662448	662556	-	662512	65.184827	13.036964	662482	662553	72	YBR218C	YBR219C
3948	chrII	664702	664806	-	664759	177.240633	36.62766	664726	664759	34	YBR220C	NA
3949	chrII	664905	664982	-	664982	9.001715	2.483231	664912	664982	71	YBR220C	NA
3950	chrII	665095	665110	-	665110	1.241616	0.931212	665095	665110	16	YBR220C	NA
3954	chrII	666436	666526	-	666458	4399.044082	2147.994993	666448	666485	38	YBR221C	NA
3961	chrII	668378	668415	-	668393	575.488833	170.411741	668378	668393	16	YBR222C	NA
3962	chrII	668615	668646	-	668620	1.241616	0.620808	668615	668646	32	YBR222C	NA
3968	chrII	670242	670370	-	670317	206.108196	34.765237	670284	670342	59	YBR223C	NA
3969	chrII	673848	673868	-	673848	1.862424	0.620808	673848	673868	21	YBR226C	YBR227C
3975	chrII	675161	675247	-	675192	237.148584	93.431574	675161	675195	35	YBR227C	NA
3977	chrII	675991	675995	-	675995	1.241616	0.931212	675991	675995	5	YBR227C	NA
3995	chrII	679221	679320	-	679230	1125.214142	401.352244	679228	679245	18	YBR229C	NA
3996	chrII	679609	679690	-	679654	27.00514	9.001713	679610	679656	47	YBR229C	YBR230C
3998	chrII	680055	680116	-	680076	1347.773741	362.551756	680060	680091	32	YBR230C	NA
4000	chrII	680485	680533	-	680525	3.724848	1.241616	680506	680528	23	YBR230C	NA
4009	chrII	683085	683180	-	683147	212.316272	91.569151	683099	683147	49	YBR231C	NA
4010	chrII	683332	683344	-	683332	3.414443	3.104039	683332	683332	1	YBR231C	NA
4013	chrII	686604	686671	-	686638	1441.205318	732.553206	686624	686638	15	YBR234C	NA
4020	chrII	691691	691752	-	691731	387.694473	191.829611	691723	691740	18	YBR236C	NA
4021	chrII	692097	692100	-	692097	1.241616	0.931212	692097	692100	4	YBR236C	NA
4032	chrII	696990	697512	-	697375	1280.105708	279.053107	697266	697391	126	YBR238C	NA
4033	chrII	697986	698009	-	698009	1.55202	1.241616	697986	698009	24	YBR238C	NA
4039	chrII	700073	700109	-	700092	37.248471	18.934638	700088	700105	18	YBR239C	NA
4045	chrII	702123	702257	-	702170	91.258749	32.59241	702134	702208	75	YBR240C	NA
4053	chrII	704060	704148	-	704084	220.076369	64.564011	704075	704133	59	YBR241C	NA
4060	chrII	706795	706859	-	706825	156.133167	81.94663	706820	706837	18	YBR243C	NA
4062	chrII	707099	707184	-	707164	5.276868	1.241616	707099	707184	86	YBR243C	NA
4063	chrII	707392	707405	-	707405	1.55202	0.620808	707392	707405	14	YBR243C	NA
4087	chrII	714462	714556	-	714476	402.593862	82.567438	714471	714514	44	YBR247C	NA
4093	chrII	716463	716604	-	716524	487.644533	72.634513	716516	716561	46	YBR248C	NA
4097	chrII	718066	718255	-	718084	4937.905255	1553.261119	718080	718130	51	YBR249C	NA
4107	chrII	724261	724346	-	724266	289.606844	121.367925	724266	724291	26	YBR254C	NA
4109	chrII	727021	727134	-	727111	240.252626	57.735126	727068	727115	48	YBR255C-A	NA
4113	chrII	728110	728220	-	728137	1874.529161	1246.271661	728129	728141	13	YBR256C	NA
4114	chrII	728413	728440	-	728415	1.241616	0.620808	728413	728440	28	YBR256C	NA
4115	chrII	728632	728653	-	728653	2.793636	1.55202	728632	728653	22	YBR256C	NA
4117	chrII	730127	730252	-	730185	396.385786	170.722145	730155	730197	43	YBR258C	NA
4118	chrII	730322	730472	-	730398	9.312118	2.483231	730344	730431	88	YBR258C	NA
4126	chrII	734625	734709	-	734648	229.69889	42.835738	734637	734671	35	YBR260C	NA
4127	chrII	735096	735272	-	735109	34.144434	4.656059	735109	735242	134	YBR260C	YBR261C
4129	chrII	735534	735608	-	735567	482.367668	88.465112	735543	735573	31	YBR261C	NA
4130	chrII	736040	736124	-	736075	1004.156623	282.777954	736067	736084	18	YBR262C	NA
4133	chrII	738312	738434	-	738382	393.281749	58.045529	738346	738398	53	YBR264C	NA
4135	chrII	741079	741129	-	741129	6.518483	2.172827	741085	741129	45	YBR266C	NA
4136	chrII	742577	742685	-	742597	1234.786721	703.064835	742582	742598	17	YBR269C	NA
4142	chrII	744368	744483	-	744441	66.736841	21.107465	744423	744445	23	YBR270C	NA
4143	chrII	744641	744713	-	744670	63.011992	20.797061	744647	744700	54	YBR270C	NA
4153	chrII	747797	747862	-	747818	735.967648	217.28273	747809	747830	22	YBR272C	NA
4160	chrII	749379	749458	-	749402	558.106217	286.813204	749383	749407	25	YBR273C	NA
4180	chrII	757160	757262	-	757207	118.574292	28.246755	757194	757241	48	YBR275C	NA
4193	chrII	760093	760199	-	760138	341.133892	126.334388	760120	760169	50	YBR276C	NA
4194	chrII	760887	760988	-	760887	52.768666	9.001713	760887	760988	102	YBR277C	NA
4204	chrII	764664	764823	-	764700	393.281748	57.735126	764697	764739	43	YBR280C	NA
4205	chrII	765185	765188	-	765187	1.241616	0.620808	765185	765188	4	YBR280C	YBR281C
4217	chrII	767588	767703	-	767649	757.385527	126.023984	767614	767655	42	YBR281C	NA
4225	chrII	770353	770672	-	770559	1311.76689	436.738288	770527	770594	68	YBR283C	NA
4226	chrII	770925	771110	-	770960	53.079073	12.416156	770960	771060	101	YBR283C	NA
4239	chrII	779474	779566	-	779508	360.689333	195.864861	779498	779521	24	YBR288C	NA
4244	chrII	784573	784685	-	784608	201.762542	63.322396	784600	784658	59	YBR291C	NA
4245	chrII	785259	785316	-	785307	4.345655	1.862423	785281	785316	36	YBR292C	NA
4246	chrII	785651	785853	-	785752	40.973321	4.345655	785740	785842	103	YBR292C	NA
4270	chrII	798561	798750	-	798591	659.608294	172.274165	798575	798595	21	YBR296C	NA
4271	chrII	798785	798922	-	798893	34.454838	7.449694	798820	798893	74	YBR296C	NA
4273	chrII	799300	799341	-	799300	1.862424	0.620808	799300	799341	42	YBR296C	NA
4280	chrII	801003	801075	-	801023	11.174543	4.656059	801018	801061	44	YBR296C-A	NA
4285	chrII	804563	804593	-	804592	1.55202	0.931212	804563	804593	31	YBR298C	NA
4286	chrII	804855	804975	-	804895	260.73928	71.703301	804868	804899	32	YBR298C	NA
4289	chrII	809353	809377	-	809377	1.862424	1.55202	809353	809377	25	YBR300C	NA
4290	chrII	809707	809748	-	809707	4.035251	2.172827	809707	809724	18	YBR300C	NA
