cluster	chr	start	end	strand	dominant_tss	tags	tags.dominant_tss	q_0.1	q_0.9	interquantile_width	gene	inCoding
5	chrI	9327	9476	+	9359	11.498278	1.753975	9327	9452	126	YAL066W	NA
7	chrI	11259	11343	+	11329	59.245376	21.827244	11288	11329	42	YAL064W-B	NA
8	chrI	11907	11934	+	11919	2.338633	0.974431	11916	11922	7	YAL064W-B	NA
19	chrI	21237	21248	+	21246	1.948861	1.169317	21240	21246	7	YAL064W	NA
34	chrI	31087	31263	+	31242	117.711208	34.299955	31119	31242	124	YAL062W	NA
35	chrI	31307	31373	+	31367	12.472709	2.338633	31307	31367	61	YAL062W	NA
36	chrI	31507	31594	+	31521	26.504511	8.964761	31521	31539	19	YAL062W	NA
41	chrI	33171	33185	+	33185	1.169316	0.779544	33171	33185	15	YAL061W	NA
42	chrI	33221	33374	+	33359	335.593881	208.91791	33348	33362	15	YAL061W	NA
45	chrI	34785	34860	+	34825	3.507949	1.169317	34785	34854	70	YAL060W	NA
46	chrI	34977	35155	+	35107	353.523399	149.672533	35057	35107	51	YAL060W	NA
51	chrI	37338	37422	+	37415	114.008371	74.836266	37380	37415	36	YAL058W	NA
59	chrI	39163	39279	+	39205	353.523401	84.970344	39200	39253	54	YAL056W	NA
69	chrI	42104	42234	+	42155	332.865474	60.219808	42154	42203	50	YAL055W	NA
75	chrI	45668	46292	+	45810	2919.588802	554.256098	45749	45901	153	YAL053W	NA
85	chrI	48444	48600	+	48550	134.081636	21.632358	48497	48570	74	YAL051W	NA
96	chrI	54188	54230	+	54188	1.753974	0.389772	54188	54230	43	YAL047W-A	NA
98	chrI	56531	56566	+	56558	1.364202	0.584658	56531	56566	36	YAL044W-A	NA
99	chrI	56612	56693	+	56666	3.313063	0.974431	56630	56693	64	YAL044W-A	NA
100	chrI	56943	57006	+	56968	6.626126	2.143747	56966	57006	41	YAL044W-A	NA
101	chrI	57312	57381	+	57312	2.338633	0.974431	57312	57366	55	YAL044W-A	NA
102	chrI	57424	57532	+	57506	3359.056997	1460.281626	57496	57517	22	YAL044W-A	NA
106	chrI	61258	61309	+	61300	1142.227489	390.551765	61274	61300	27	YAL042W	NA
109	chrI	62741	62840	+	62776	341.440464	101.145891	62773	62815	43	YAL041W	NA
129	chrI	71395	71404	+	71404	1.559089	0.974431	71395	71404	10	YAL038W	NA
130	chrI	71438	71510	+	71510	3.313063	1.169317	71438	71510	73	YAL038W	NA
131	chrI	71604	71759	+	71759	47829.923666	40854.170231	71756	71759	4	YAL038W	NA
136	chrI	73407	73517	+	73486	28.063597	5.067039	73418	73486	69	YAL037W	NA
137	chrI	73556	73702	+	73662	14.42157	3.50795	73581	73682	102	YAL037W	NA
138	chrI	73809	74187	+	73921	220.611067	32.351094	73851	73995	145	YAL037W	NA
142	chrI	76335	76405	+	76401	5147.526835	3031.063677	76392	76405	14	YAL035W	NA
157	chrI	79673	79714	+	79689	84.775455	31.766436	79674	79695	22	YAL034W-A	NA
163	chrI	82185	82287	+	82261	10.718734	3.118178	82212	82281	70	YAL033W	NA
165	chrI	82658	82728	+	82701	582.709468	175.787272	82685	82704	20	YAL033W	NA
167	chrI	83818	83899	+	83860	2.338633	1.364203	83845	83884	40	YAL031W-A	NA
171	chrI	87205	87273	+	87264	849.313668	433.621596	87253	87264	12	YAL030W	NA
173	chrI	92377	92457	+	92412	16.370431	4.872153	92388	92424	37	YAL028W	NA
174	chrI	92828	93101	+	92859	166.432729	23.191447	92849	92948	100	YAL028W	NA
179	chrI	94582	94724	+	94607	283.169516	71.523203	94595	94655	61	YAL027W	NA
186	chrI	114765	114858	+	114809	220.221306	91.986244	114806	114832	27	YAL019W	YAL056W
201	chrI	119840	119891	+	119858	154.154911	49.1113	119850	119890	41	YAL017W	NA
225	chrI	124746	124818	+	124782	2658.441435	1099.547435	124782	124801	20	YAL016W	NA
226	chrI	124872	125205	+	124872	177.931009	35.469272	124872	125152	281	YAL016W	NA
239	chrI	129194	129724	+	129238	668.654222	67.820366	129223	129525	303	YAL013W	NA
243	chrI	130678	130750	+	130735	3165.340206	1682.841564	130716	130744	29	YAL012W	NA
247	chrI	132160	132238	+	132195	81.267509	20.657928	132185	132220	36	YAL011W	NA
255	chrI	135776	136066	+	135829	233.473553	34.689728	135812	135869	58	YAL009W	NA
259	chrI	136481	136565	+	136565	7.600558	2.338633	136517	136565	49	YAL008W	YAL064W-B
260	chrI	136796	136905	+	136874	1522.060521	354.497835	136852	136882	31	YAL008W	NA
266	chrI	141673	141731	+	141673	2.923291	0.974431	141673	141721	49	YAL003W	NA
268	chrI	141933	142167	+	142153	13878.42458	5247.503411	142138	142153	16	YAL003W	NA
274	chrI	143530	143754	+	143616	206.969042	39.56188	143572	143679	108	YAL002W	NA
290	chrI	152161	152233	+	152215	399.516523	237.371283	152204	152224	21	YAR002W	NA
296	chrI	154896	154992	+	154958	127.06574	36.05393	154920	154964	45	YAR003W	NA
302	chrI	158821	158906	+	158847	124.142449	18.709067	158847	158887	41	YAR008W	NA
307	chrI	169198	169336	+	169325	6144.564179	1741.502283	169277	169325	49	YAR015W	NA
314	chrI	174941	174995	+	174968	2.338633	1.169317	174944	174995	52	YAR019W-A	NA
324	chrI	182887	183147	+	183120	910.507898	168.576486	182899	183120	222	YAR027W	NA
325	chrI	183222	183380	+	183380	209.307679	138.369138	183224	183380	157	YAR027W	NA
326	chrI	183576	183689	+	183688	81.657275	16.565319	183585	183688	104	YAR027W	NA
329	chrI	184803	184892	+	184876	306.945623	84.580572	184832	184876	45	YAR028W	NA
333	chrI	185874	185964	+	185918	11.498279	5.651697	185902	185918	17	YAR029W	NA
334	chrI	186039	186050	+	186040	1.364202	0.779544	186039	186050	12	YAR029W	NA
336	chrI	186290	186318	+	186297	1.364202	0.389772	186290	186318	29	YAR029W	NA
341	chrI	187998	188091	+	188050	222.559937	58.076061	188045	188061	17	YAR033W	NA
345	chrI	189296	189315	+	189313	4.482381	2.728406	189300	189313	14	YAR035W	NA
347	chrI	190161	190232	+	190163	4.482379	1.559089	190163	190204	42	YAR035W	NA
352	chrI	192530	192660	+	192567	75.81069	13.447142	192549	192612	64	YAR042W	NA
377	chrI	207877	207902	+	207887	4.872153	2.923292	207887	207894	8	YAR053W	YAR050W
378	chrI	208174	208224	+	208222	5.651695	1.364203	208176	208224	49	YAR053W	NA
384	chrI	227496	227544	+	227496	1.364202	0.584658	227496	227544	49	YAR073W	NA
388	chrII	8492	8584	+	8550	13.447139	3.118178	8513	8556	44	YBL107W-A	NA
389	chrII	8750	8791	+	8783	3.313063	0.974431	8757	8783	27	YBL107W-A	NA
390	chrII	8926	8929	+	8929	1.559089	1.169317	8926	8929	4	YBL107W-A	NA
399	chrII	23909	23992	+	23980	174.033293	95.68908	23980	23992	13	YBL102W	NA
400	chrII	24081	24378	+	24085	49.501065	6.626128	24085	24272	188	YBL102W	NA
403	chrII	28353	28384	+	28361	3.702836	2.923292	28353	28380	28	YBL100W-C	NA
406	chrII	29035	29112	+	29112	1.559088	0.389772	29035	29112	78	YBL100W-A	NA
407	chrII	29364	29601	+	29576	80.48796	14.616458	29454	29582	129	YBL100W-A	NA
420	chrII	36650	36766	+	36757	2755.299829	1166.588257	36717	36757	41	YBL099W	NA
427	chrII	39091	39151	+	39115	231.914468	83.411255	39113	39121	9	YBL098W	NA
434	chrII	40699	40817	+	40813	98.417483	30.402233	40756	40813	58	YBL097W	NA
442	chrII	43193	43277	+	43261	201.317351	73.66695	43251	43267	17	YBL095W	NA
446	chrII	45281	45371	+	45305	12.277824	2.533519	45295	45364	70	YBL092W	NA
447	chrII	45492	45634	+	45613	22857.997018	5662.415941	45603	45626	24	YBL092W	NA
456	chrII	48730	48842	+	48794	1210.437626	419.589796	48794	48818	25	YBL090W	NA
457	chrII	48895	49094	+	49082	40.73119	11.498281	48952	49082	131	YBL089W	YBL019W
458	chrII	49215	49301	+	49231	2.338632	0.779544	49215	49287	73	YBL089W	YBL019W
459	chrII	49491	49630	+	49558	184.557143	48.526642	49535	49579	45	YBL089W	NA
469	chrII	62900	62931	+	62931	1.169316	0.779544	62900	62931	32	YBL085W	NA
470	chrII	63467	63533	+	63483	7.015899	1.559089	63475	63532	58	YBL085W	NA
471	chrII	63607	63763	+	63740	877.961925	353.913177	63679	63740	62	YBL085W	NA
484	chrII	71514	71595	+	71552	103.289637	29.817575	71549	71566	18	YBL081W	NA
485	chrII	71801	71957	+	71808	10.523847	3.118178	71801	71932	132	YBL081W	NA
489	chrII	74353	74438	+	74424	3.313062	0.584658	74369	74425	57	YBL079W	NA
490	chrII	75016	75082	+	75024	2.533519	0.974431	75024	75078	55	YBL079W	NA
491	chrII	75116	75227	+	75196	710.749639	241.463891	75178	75206	29	YBL079W	NA
513	chrII	89871	89971	+	89943	582.124809	332.865477	89935	89943	9	YBL071W-A	NA
515	chrII	90596	90727	+	90685	214.374715	86.139661	90665	90709	45	YBL069W	NA
520	chrII	91623	91657	+	91623	5.846582	2.533519	91623	91656	34	YBL068W-A	YBL032W
521	chrII	92306	92396	+	92365	882.054534	176.37193	92345	92382	38	YBL068W	NA
529	chrII	101452	101516	+	101497	3.702835	1.169317	101478	101514	37	YBL063W	NA
530	chrII	101805	101886	+	101869	162.535014	102.315208	101864	101882	19	YBL063W	NA
541	chrII	104841	104942	+	104841	3.507948	0.584658	104841	104928	88	YBL062W	YBL041W
542	chrII	107596	107752	+	107712	73.861835	15.396003	107657	107743	87	YBL060W	NA
543	chrII	107870	108042	+	107914	72.302743	12.082939	107876	107932	57	YBL060W	NA
552	chrII	111367	111473	+	111409	1410.195892	478.445401	111396	111442	47	YBL058W	NA
558	chrII	113606	113743	+	113716	1368.685147	291.549621	113626	113720	95	YBL056W	NA
565	chrII	117076	117269	+	117099	22.80167	4.287494	117099	117263	165	YBL054W	NA
567	chrII	117313	117549	+	117480	65.676611	11.693167	117364	117498	135	YBL054W	NA
583	chrII	125005	125094	+	125048	1894.682763	525.218068	125038	125062	25	YBL050W	NA
591	chrII	126561	126806	+	126606	55.34765	17.929522	126591	126717	127	YBL049W	NA
594	chrII	132039	132075	+	132039	2.533519	1.169317	132039	132075	37	YBL046W	NA
595	chrII	132388	132878	+	132399	320.197867	40.146539	132399	132669	271	YBL046W	NA
602	chrII	136420	136594	+	136555	57.4914	16.175547	136447	136557	111	YBL043W	NA
608	chrII	140899	141247	+	141196	4639.848503	1068.75543	141191	141232	42	YBL041W	NA
613	chrII	143002	143418	+	143091	748.362654	94.909536	143086	143278	193	YBL039W-B	NA
614	chrII	146071	146136	+	146136	631.041226	264.460452	146113	146136	24	YBL038W	NA
616	chrII	147084	147336	+	147111	380.027909	103.874297	147100	147162	63	YBL037W	NA
627	chrII	160024	160147	+	160094	308.699595	109.331108	160092	160124	33	YBL032W	NA
634	chrII	161637	161724	+	161677	73.861833	27.478942	161657	161708	52	YBL031W	NA
642	chrII	165619	165685	+	165642	15.201117	3.50795	165621	165682	62	YBL029W	NA
643	chrII	166034	166170	+	166094	25.919851	4.872153	166079	166121	43	YBL029W	NA
650	chrII	168295	168415	+	168392	17556.315259	11297.937598	168392	168404	13	YBL027W	NA
653	chrII	169644	169796	+	169682	6.236353	1.169317	169678	169792	115	YBL026W	NA
654	chrII	169959	170034	+	170010	2.143747	0.974431	169970	170027	58	YBL026W	NA
658	chrII	170174	170623	+	170552	1269.877887	262.316705	170543	170587	45	YBL026W	NA
660	chrII	171344	171508	+	171418	270.112145	69.379455	171415	171483	69	YBL025W	NA
665	chrII	172434	172530	+	172511	831.384144	381.197232	172503	172525	23	YBL024W	NA
675	chrII	181555	181604	+	181589	12.862482	3.313064	181574	181602	29	YBL020W	NA
676	chrII	181745	181833	+	181756	2.533519	1.364203	181754	181822	69	YBL020W	NA
677	chrII	182245	182357	+	182319	338.517172	154.3498	182319	182346	28	YBL020W	NA
683	chrII	184257	184433	+	184321	90.427148	12.862483	184295	184391	97	YBL019W	NA
689	chrII	191860	192061	+	191979	19.87838	3.50795	191871	192043	173	YBL016W	NA
690	chrII	192341	192437	+	192423	4038.235093	1415.847593	192415	192428	14	YBL016W	NA
695	chrII	193619	193701	+	193619	1.559088	0.389772	193619	193701	83	YBL015W	NA
697	chrII	193908	194068	+	194045	217.298008	71.328316	194019	194047	29	YBL015W	NA
713	chrII	201986	202105	+	202036	14.42157	3.50795	201990	202049	60	YBL013W	NA
716	chrII	203134	203208	+	203161	2.728404	0.584658	203139	203193	55	YBL011W	YBL097W
717	chrII	203344	203702	+	203437	175.007721	36.05393	203436	203595	160	YBL011W	NA
730	chrII	207091	207230	+	207160	37.028357	8.964761	207141	207174	34	YBL009W	NA
734	chrII	209523	209630	+	209576	159.806608	53.59368	209568	209608	41	YBL008W	YBL100W-B
741	chrII	215859	215890	+	215859	1.364202	0.584658	215859	215890	32	YBL006W-A	NA
745	chrII	217343	217433	+	217408	217.103123	55.737428	217380	217417	38	YBL005W	NA
757	chrII	220844	220977	+	220948	167.796934	34.105069	220888	220977	90	YBL005W-A	NA
758	chrII	221275	221364	+	221275	26.894279	5.067039	221275	221362	88	YBL005W-A	NA
766	chrII	227464	227590	+	227526	701.200221	87.503864	227511	227572	62	YBL004W	NA
803	chrII	236024	236074	+	236039	22.996562	7.990331	236037	236052	16	YBL002W	NA
804	chrII	236228	236883	+	236469	441.806801	90.816927	236408	236548	141	YBL002W	NA
815	chrII	242327	242393	+	242332	1.753974	0.584658	242327	242393	67	YBR003W	NA
816	chrII	242687	242808	+	242777	683.075814	213.010519	242775	242803	29	YBR003W	NA
823	chrII	245543	245597	+	245550	2.92329	0.779544	245546	245579	34	YBR005W	NA
824	chrII	245809	245947	+	245875	1084.151426	135.835619	245842	245910	69	YBR005W	NA
828	chrII	246782	246897	+	246879	707.631463	377.29951	246877	246894	18	YBR006W	NA
843	chrII	255868	255894	+	255869	1.559089	0.974431	255868	255894	27	YBR010W	NA
844	chrII	256076	256127	+	256102	1.364202	0.584658	256076	256127	52	YBR010W	NA
845	chrII	256210	256312	+	256303	663.002547	403.024477	256302	256307	6	YBR010W	NA
852	chrII	259013	259050	+	259015	1.169316	0.584658	259013	259050	38	YBR012W-A	NA
853	chrII	259099	259205	+	259132	5.067038	0.974431	259121	259193	73	YBR012W-A	NA
858	chrII	269719	269797	+	269719	2.533518	0.584658	269719	269790	72	YBR016W	NA
859	chrII	269837	269838	+	269838	1.169317	0.974431	269837	269838	2	YBR016W	NA
860	chrII	270150	270283	+	270217	3010.210861	609.213981	270198	270236	39	YBR016W	NA
868	chrII	281184	281343	+	281332	69.769224	30.402233	281307	281332	26	YBR021W	NA
876	chrII	283589	283732	+	283676	546.265765	158.637294	283661	283719	59	YBR022W	NA
882	chrII	288596	288598	+	288596	1.364203	1.169317	288596	288598	3	YBR024W	NA
883	chrII	289089	289121	+	289121	2.338633	1.364203	289101	289121	21	YBR024W	NA
884	chrII	289300	289597	+	289336	293.303583	51.839705	289328	289413	86	YBR024W	NA
897	chrII	297964	298081	+	298012	25.724964	2.533519	297988	298076	89	YBR030W	NA
898	chrII	298199	298264	+	298223	177.931016	58.270947	298209	298246	38	YBR030W	NA
907	chrII	300071	300160	+	300150	5013.250308	3130.065821	300142	300150	9	YBR031W	NA
911	chrII	301788	301820	+	301811	3.118177	1.364203	301809	301815	7	YBR033W	YBR032W
930	chrII	311711	311955	+	311847	116.736775	17.149978	311763	311861	99	YBR038W	NA
939	chrII	315476	315549	+	315488	1289.171619	307.335396	315484	315539	56	YBR039W	NA
946	chrII	316714	316786	+	316764	8.574986	1.753975	316723	316782	60	YBR040W	NA
947	chrII	316853	316934	+	316925	4587.619041	1638.212645	316902	316930	29	YBR040W	NA
950	chrII	317882	317898	+	317898	2.143747	1.559089	317887	317898	12	YBR041W	NA
951	chrII	318128	318253	+	318213	418.615362	153.180483	318186	318237	52	YBR041W	NA
980	chrII	331634	331868	+	331813	231.914471	44.044261	331768	331824	57	YBR047W	NA
982	chrII	332651	332821	+	332811	20799.8048	6704.082201	332794	332816	23	YBR048W	NA
992	chrII	337185	337292	+	337198	15.590886	5.846583	337188	337261	74	YBR051W	NA
993	chrII	337357	337368	+	337368	1.364203	0.974431	337357	337368	12	YBR051W	NA
1008	chrII	342493	342682	+	342570	85.554996	11.693167	342520	342652	133	YBR054W	NA
1009	chrII	342712	342802	+	342787	709.775212	316.105271	342769	342791	23	YBR054W	NA
1010	chrII	342891	343020	+	342935	69.964111	20.657928	342932	342998	67	YBR054W	NA
1019	chrII	347748	347938	+	347809	1324.64089	731.017801	347809	347867	59	YBR056W	NA
1028	chrII	351109	351249	+	351228	1878.312328	701.784884	351211	351244	34	YBR056W-A	NA
1077	chrII	381342	381381	+	381356	2.923291	1.559089	381342	381376	35	YBR072W	NA
1078	chrII	381441	381564	+	381532	25.335191	7.0159	381476	381546	71	YBR072W	NA
1079	chrII	381689	381748	+	381689	29.427802	10.52385	381689	381729	41	YBR072W	NA
1080	chrII	381784	381968	+	381956	2286.598731	1536.092323	381899	381959	61	YBR072W	NA
1094	chrII	386228	386286	+	386281	822.614272	460.515879	386263	386283	21	YBR074W	NA
1111	chrII	390084	390177	+	390161	3.897721	1.559089	390110	390161	52	YBR076W	NA
1118	chrII	392096	392160	+	392138	4.677265	1.948861	392127	392152	26	YBR078W	NA
1119	chrII	392808	392962	+	392962	7864.823871	3043.731274	392947	392962	16	YBR078W	NA
1137	chrII	408270	408431	+	408394	11.498278	4.677267	408321	408394	74	YBR083W	NA
1139	chrII	408903	408990	+	408953	8.185215	1.559089	408923	408981	59	YBR083W	NA
1140	chrII	409025	409622	+	409122	914.795377	336.568313	409103	409312	210	YBR083W	NA
1146	chrII	410931	411040	+	411040	1094.090621	584.658332	410975	411040	66	YBR084W	NA
1157	chrII	415800	415946	+	415908	152.595821	32.935753	415874	415921	48	YBR085W	NA
1173	chrII	423343	423384	+	423359	2.533518	0.584658	423343	423384	42	YBR087W	NA
1174	chrII	423623	423659	+	423626	1.753975	0.974431	423623	423659	37	YBR087W	NA
1175	chrII	423710	423773	+	423754	238.345711	140.707772	423735	423759	25	YBR087W	NA
1179	chrII	425028	425065	+	425038	2.728404	0.779544	425030	425065	36	YBR089W	NA
1190	chrII	431902	432012	+	431970	206.969049	49.695958	431967	431985	19	YBR094W	NA
1203	chrII	435887	435999	+	435939	1328.733496	557.569162	435935	435960	26	YBR096W	NA
1207	chrII	436852	436956	+	436901	376.519961	95.104422	436887	436920	34	YBR097W	NA
1219	chrII	441409	441597	+	441492	100.36634	16.565319	441467	441517	51	YBR098W	NA
1232	chrII	447466	447900	+	447572	192.547463	25.53008	447534	447741	208	YBR103W	NA
1238	chrII	449530	449607	+	449607	190.793498	59.63515	449575	449607	33	YBR104W	NA
1243	chrII	452146	452228	+	452175	11.108505	6.041469	452154	452209	56	YBR106W	NA
1244	chrII	452323	452343	+	452323	1.169316	0.389772	452323	452343	21	YBR106W	NA
1245	chrII	452510	452646	+	452622	2262.043082	517.422623	452583	452630	48	YBR106W	NA
1249	chrII	453910	454061	+	453987	5.456808	0.779544	453921	454055	135	YBR108W	NA
1250	chrII	454304	454420	+	454342	9.159646	1.753975	454318	454387	70	YBR108W	NA
1251	chrII	454729	454826	+	454782	166.822509	39.172108	454774	454808	35	YBR108W	NA
1267	chrII	458533	458727	+	458657	178.905444	33.715297	458653	458696	44	YBR110W	YBR109W-A
1268	chrII	458759	458865	+	458824	647.801426	304.606991	458821	458840	20	YBR110W	YBR109W-A
1275	chrII	461876	461908	+	461898	1.753974	0.779544	461876	461908	33	YBR111W-A	NA
1276	chrII	461942	462154	+	462102	897.255646	237.761055	462098	462141	44	YBR111W-A	NA
1281	chrII	466689	466722	+	466709	4.092607	2.143747	466706	466722	17	YBR114W	NA
1282	chrII	467100	467620	+	467157	271.476335	23.386333	467157	467401	245	YBR114W	NA
1289	chrII	476847	476949	+	476875	19.878382	6.041469	476868	476907	40	YBR118W	NA
1290	chrII	477145	477184	+	477151	1.169316	0.389772	477145	477184	40	YBR118W	NA
1292	chrII	477403	477649	+	477649	76390.288277	49826.921645	477630	477649	20	YBR118W	NA
1297	chrII	479005	479036	+	479006	3.897721	2.338633	479006	479011	6	YBR119W	YBR118W
1298	chrII	479158	479346	+	479288	109.3311	21.827244	479268	479323	56	YBR119W	NA
1308	chrII	485984	486046	+	486026	3.702835	1.753975	485984	486046	63	YBR124W	NA
1315	chrII	490697	490719	+	490697	1.169316	0.389772	490697	490719	23	YBR126W-A	NA
1316	chrII	490803	490836	+	490827	2322.457777	1286.638102	490822	490827	6	YBR126W-A	NA
1323	chrII	497085	497171	+	497159	98.417482	32.54598	497124	497163	40	YBR131W	NA
1337	chrII	504572	504610	+	504575	8.96476	4.872153	504575	504585	11	YBR135W	YBR134W
1338	chrII	504732	504827	+	504760	562.44131	136.030505	504754	504801	48	YBR135W	NA
1340	chrII	505571	505748	+	505617	123.557794	23.970992	505617	505668	52	YBR136W	NA
1354	chrII	512607	512705	+	512695	3.507949	1.169317	512624	512705	82	YBR137W	YBR136W
1355	chrII	512893	512991	+	512982	1742.281823	564.974834	512952	512987	36	YBR137W	NA
1358	chrII	515598	515666	+	515656	1478.01626	507.288546	515650	515659	10	YBR139W	NA
1367	chrII	528195	528285	+	528270	341.830235	208.138366	528241	528270	30	YBR142W	NA
1380	chrII	533471	533505	+	533485	2.923291	0.974431	533471	533505	35	YBR145W	NA
1381	chrII	533626	533721	+	533706	597.7157	358.980216	533706	533721	16	YBR145W	NA
1386	chrII	535143	535248	+	535188	419.589793	157.467977	535182	535217	36	YBR146W	NA
1391	chrII	536389	536554	+	536550	102.89986	15.006231	536433	536550	118	YBR147W	NA
1395	chrII	537696	537721	+	537721	1.364202	0.584658	537696	537721	26	YBR148W	NA
1405	chrII	539860	540482	+	539943	3800.279126	765.902414	539922	540034	113	YBR149W	NA
1409	chrII	544776	545584	+	544882	1669.784161	396.203463	544879	545095	217	YBR151W	NA
1418	chrII	547021	547129	+	547059	5.846581	1.169317	547041	547129	89	YBR153W	YBR152W
1419	chrII	547370	547606	+	547386	167.407161	22.02213	547383	547502	120	YBR153W	NA
1423	chrII	549643	549756	+	549734	316.689927	78.928875	549692	549742	51	YBR155W	NA
1439	chrII	555785	555885	+	555785	5.846581	0.974431	555785	555883	99	YBR158W	NA
1441	chrII	556067	556293	+	556286	2888.017264	2416.197998	556282	556286	5	YBR158W	NA
1449	chrII	558299	558380	+	558380	4.092608	1.559089	558313	558380	68	YBR159W	NA
1450	chrII	558592	558673	+	558644	1736.435243	680.347412	558621	558651	31	YBR159W	NA
1454	chrII	559892	560270	+	560005	573.160035	102.510094	559947	560031	85	YBR160W	NA
1458	chrII	561232	561469	+	561416	61.38912	10.718736	561321	561465	145	YBR161W	NA
1459	chrII	561499	561779	+	561559	192.547464	19.878383	561535	561643	109	YBR161W	NA
1466	chrII	564637	564698	+	564637	1.753974	0.389772	564637	564698	62	YBR162W-A	NA
1467	chrII	564747	564864	+	564854	86.334545	43.459603	564822	564854	33	YBR162W-A	NA
1468	chrII	564972	565019	+	565005	929.996516	206.774163	564985	565005	21	YBR162W-A	NA
1469	chrII	565106	565239	+	565214	4898.657273	1286.832988	565191	565218	28	YBR162W-A	NA
1470	chrII	565596	566059	+	565617	323.510932	39.56188	565608	565866	259	YBR163W	NA
1477	chrII	568703	568805	+	568765	409.260827	165.84808	568760	568768	9	YBR165W	NA
1481	chrII	571359	571444	+	571396	6.431239	1.364203	571384	571436	53	YBR168W	NA
1482	chrII	571650	571664	+	571653	1.753974	0.584658	571650	571664	15	YBR168W	NA
1483	chrII	571778	571867	+	571839	1.94886	0.584658	571799	571858	60	YBR168W	NA
1484	chrII	571975	572116	+	572086	189.819066	35.469272	572043	572091	49	YBR168W	NA
1485	chrII	572197	572278	+	572244	64.117529	24.945422	572244	572265	22	YBR168W	NA
1493	chrII	578286	578352	+	578338	910.313019	356.836468	578321	578340	20	YBR171W	NA
1496	chrII	581634	581715	+	581715	9.744303	4.092608	581674	581715	42	YBR175W	NA
1504	chrII	583572	583699	+	583602	100.17146	23.191447	583602	583699	98	YBR176W	NA
1509	chrII	585902	585992	+	585926	3.313062	0.584658	585923	585989	67	YBR178W	NA
1511	chrII	589385	589428	+	589411	6.43124	2.143747	589397	589423	27	YBR180W	NA
1519	chrII	595200	595409	+	595271	7.795441	1.169317	595252	595349	98	YBR183W	NA
1521	chrII	595962	596559	+	596060	1053.359408	177.736133	596018	596081	64	YBR183W	NA
1525	chrII	597245	597375	+	597264	7.990328	1.364203	597264	597370	107	YBR184W	NA
1528	chrII	600139	600175	+	600139	2.728404	0.779544	600139	600175	37	YBR186W	NA
1529	chrII	600518	600581	+	600547	7.600556	2.143747	600527	600555	29	YBR186W	NA
1530	chrII	602477	602736	+	602505	330.526839	75.031153	602495	602566	72	YBR187W	NA
1532	chrII	604396	604500	+	604485	14218.305966	2641.486342	604466	604485	20	YBR189W	NA
1536	chrII	606068	606248	+	606248	23738.687344	16901.69282	606234	606248	15	YBR191W	YBR190W
1538	chrII	606667	606842	+	606808	586.022527	87.893636	606707	606809	103	YBR191W-A	YBR191W
1539	chrII	607406	607551	+	607489	138.953795	31.376664	607444	607523	80	YBR192W	NA
1547	chrII	609811	609994	+	609926	300.709263	68.989683	609897	609969	73	YBR194W	NA
1557	chrII	618775	618860	+	618816	1862.33167	467.142007	618816	618836	21	YBR199W	NA
1565	chrII	620709	620841	+	620817	619.542943	242.438321	620808	620823	16	YBR200W	NA
1574	chrII	623392	623494	+	623442	165.458306	22.411903	623426	623454	29	YBR201W	NA
1579	chrII	624858	624879	+	624872	1.753975	1.169317	624858	624879	22	YBR202W	NA
1580	chrII	625260	625360	+	625286	3.313062	0.584658	625260	625360	101	YBR202W	NA
1581	chrII	625478	625492	+	625492	1.169316	0.584658	625478	625492	15	YBR202W	NA
1582	chrII	625621	625783	+	625682	150.257184	21.827244	625672	625762	91	YBR202W	NA
1591	chrII	628335	628336	+	628335	1.169317	0.974431	628335	628336	2	YBR203W	NA
1593	chrII	628737	628990	+	628989	36.443698	5.456811	628798	628989	192	YBR203W	NA
1594	chrII	629023	629267	+	629143	47.941974	5.846583	629100	629182	83	YBR203W	NA
1602	chrII	633259	633275	+	633261	1.169316	0.389772	633259	633275	17	YBR205W	NA
1603	chrII	633529	633630	+	633575	1186.46664	499.493101	633575	633614	40	YBR205W	NA
1606	chrII	634095	634392	+	634253	25.919848	4.677267	634204	634344	141	YBR206W	YBR205W
1607	chrII	634546	634611	+	634599	75.615809	24.750536	634598	634600	3	YBR206W	YBR205W
1608	chrII	635018	635061	+	635057	81.657278	54.568111	635020	635057	38	YBR207W	NA
1619	chrII	642381	642408	+	642408	1.169316	0.779544	642381	642408	28	YBR209W	NA
1623	chrII	645306	645584	+	645516	836.256286	192.547477	645376	645546	171	YBR210W	NA
1627	chrII	647423	647546	+	647480	574.134478	233.47356	647438	647538	101	YBR212W	NA
1628	chrII	647590	647772	+	647769	66.066389	22.801675	647684	647771	88	YBR212W	NA
1639	chrII	650223	650358	+	650298	214.569605	64.702189	650276	650343	68	YBR213W	NA
1642	chrII	651271	651368	+	651336	724.391671	350.794999	651335	651354	20	YBR214W	NA
1649	chrII	653249	653363	+	653315	98.222596	28.453372	653282	653348	67	YBR215W	NA
1657	chrII	657709	657838	+	657773	305.971191	68.794797	657768	657818	51	YBR217W	NA
1665	chrII	665872	665886	+	665876	1.169316	0.389772	665872	665886	15	YBR221W-A	NA
1666	chrII	666083	666105	+	666089	1.753974	0.779544	666083	666105	23	YBR221W-A	NA
1668	chrII	670401	670526	+	670492	112.839055	37.223247	670464	670496	33	YBR225W	YBR224W
1669	chrII	670594	670837	+	670616	369.114286	127.26063	670607	670680	74	YBR225W	YBR224W
1681	chrII	674950	675047	+	674994	23.386332	7.795444	674978	674997	20	YBR228W	NA
1682	chrII	675293	675382	+	675313	148.308328	30.207347	675313	675379	67	YBR228W	YBR228W
1686	chrII	679430	679506	+	679466	3.507948	0.779544	679430	679506	77	YBR230W-A	NA
1687	chrII	679554	679598	+	679583	2.338633	0.974431	679572	679594	23	YBR230W-A	NA
1688	chrII	680271	680541	+	680302	1323.081798	208.333252	680298	680371	74	YBR230W-A	NA
1690	chrII	683241	683515	+	683383	96.663502	11.108508	683298	683436	139	YBR233W	NA
1697	chrII	684442	684515	+	684493	2.923291	0.974431	684455	684510	56	YBR233W-A	YBR233W
1699	chrII	684864	684994	+	684947	524.43852	111.279969	684930	684958	29	YBR233W-A	NA
1701	chrII	686794	686858	+	686820	484.486867	172.86398	686816	686849	34	YBR235W	NA
1714	chrII	691887	691949	+	691925	392.695511	152.595825	691910	691940	31	YBR237W	NA
1736	chrII	703624	703696	+	703691	1.94886	0.584658	703624	703691	68	YBR242W	NA
1737	chrII	703848	703994	+	703952	13.057367	3.313064	703880	703975	96	YBR242W	NA
1738	chrII	704026	704085	+	704061	15.590888	2.923292	704033	704085	53	YBR242W	NA
1739	chrII	704448	704578	+	704511	436.739768	111.474855	704483	704555	73	YBR242W	NA
1742	chrII	706934	707002	+	706972	2.338633	0.974431	706942	707002	61	YBR244W	NA
1743	chrII	707178	707185	+	707178	1.169316	0.584658	707178	707185	8	YBR244W	NA
1745	chrII	707248	707507	+	707492	1310.414203	443.755674	707451	707492	42	YBR244W	NA
1749	chrII	711492	711593	+	711556	218.27244	90.037383	711548	711581	34	YBR246W	NA
1759	chrII	718332	718485	+	718415	11.888047	1.169317	718349	718472	124	YBR250W	NA
1760	chrII	718636	718638	+	718636	1.364203	0.974431	718636	718638	3	YBR250W	NA
1761	chrII	718952	719000	+	718960	4.092608	1.948861	718959	719000	42	YBR250W	NA
1766	chrII	721273	721358	+	721346	496.959579	125.701541	721322	721354	33	YBR251W	NA
1769	chrII	722530	722593	+	722593	1586.567823	590.699801	722580	722593	14	YBR252W	NA
1771	chrII	723016	723276	+	723209	1095.259935	442.586357	723209	723238	30	YBR253W	NA
1785	chrII	728338	728444	+	728362	14.811342	3.118178	728353	728416	64	YBR257W	NA
1786	chrII	728790	728902	+	728854	234.447988	48.916414	728831	728858	28	YBR257W	NA
1789	chrII	730282	730358	+	730338	139.148683	40.146539	730323	730345	23	YBR259W	NA
1798	chrII	735959	736260	+	736224	1825.498188	923.95505	736186	736240	55	YBR263W	NA
1805	chrII	738449	738604	+	738546	251.013308	80.098191	738531	738562	32	YBR265W	NA
1810	chrII	739323	739422	+	739417	6.041467	1.559089	739339	739417	79	YBR267W	YBR265W
1811	chrII	739782	740094	+	739829	259.393403	51.839705	739813	740044	232	YBR267W	NA
1815	chrII	740805	740906	+	740904	3.897721	0.974431	740844	740904	61	YBR268W	YBR267W
1816	chrII	741225	741316	+	741269	292.913823	76.005583	741269	741295	27	YBR268W	NA
1821	chrII	743996	744058	+	743996	1.169316	0.584658	743996	744058	63	YBR271W	NA
1822	chrII	744561	744639	+	744594	5.261924	1.364203	744561	744616	56	YBR271W	NA
1823	chrII	744777	744837	+	744826	93.545332	61.973783	744817	744835	19	YBR271W	NA
1831	chrII	749179	749205	+	749179	2.728405	1.559089	749179	749186	8	YBR274W	NA
1832	chrII	749519	749584	+	749544	78.92887	27.673828	749532	749568	37	YBR274W	NA
1838	chrII	760217	760745	+	760269	482.927765	169.745802	760252	760354	103	YBR278W	NA
1839	chrII	761147	761256	+	761229	1205.175704	379.833029	761212	761232	21	YBR279W	NA
1847	chrII	767380	767451	+	767392	2.338632	0.584658	767392	767451	60	YBR282W	NA
1848	chrII	767813	767895	+	767886	6.43124	1.753975	767839	767889	51	YBR282W	NA
1849	chrII	768158	768226	+	768195	692.820119	215.738924	768193	768214	22	YBR282W	NA
1854	chrII	770430	770441	+	770441	1.364203	0.974431	770430	770441	12	YBR284W	NA
1855	chrII	770736	770778	+	770736	1.169316	0.584658	770736	770778	43	YBR284W	NA
1856	chrII	770832	770979	+	770869	56.516969	18.319294	770864	770935	72	YBR284W	NA
1857	chrII	771093	771136	+	771094	2.143746	0.779544	771094	771127	34	YBR284W	NA
1867	chrII	773817	774154	+	773837	181.633843	33.325525	773830	774054	225	YBR285W	NA
1869	chrII	774610	774696	+	774687	676.839457	228.016749	774661	774693	33	YBR286W	NA
1874	chrII	776468	776548	+	776538	4015.043649	1955.097461	776503	776546	44	YBR287W	NA
1880	chrII	779611	779681	+	779630	157.857748	52.814136	779630	779656	27	YBR289W	NA
1892	chrII	782164	782192	+	782166	8.574988	6.821014	782166	782169	4	YBR290W	YBR289W
1893	chrII	782541	782601	+	782584	1699.211993	626.753731	782558	782584	27	YBR290W	NA
1904	chrII	785895	786024	+	786009	64.702186	27.478942	785938	786009	72	YBR293W	NA
1905	chrII	786251	786303	+	786299	1.948861	0.974431	786273	786303	31	YBR293W	NA
1907	chrII	786592	786653	+	786602	4.287493	1.169317	786602	786630	29	YBR293W	NA
1908	chrII	786760	786869	+	786841	3.702835	0.974431	786772	786841	70	YBR293W	NA
1914	chrII	788902	788935	+	788909	2.923291	0.974431	788902	788912	11	YBR294W	NA
1915	chrII	789102	789170	+	789138	22.217015	6.236356	789119	789145	27	YBR294W	NA
1921	chrII	791899	791927	+	791906	2.143747	0.974431	791899	791906	8	YBR295W	NA
1922	chrII	792012	792072	+	792012	1.559088	0.584658	792012	792072	61	YBR295W	NA
1923	chrII	792133	792218	+	792133	2.533518	0.389772	792133	792218	86	YBR295W	NA
1925	chrII	792311	792496	+	792437	46.382893	10.718736	792363	792480	118	YBR295W	NA
1926	chrII	792714	792905	+	792833	282.77974	48.331755	792787	792842	56	YBR295W	NA
1942	chrII	799606	799633	+	799607	2.143746	0.779544	799607	799623	17	YBR297W	NA
1943	chrII	799663	799728	+	799708	5.651695	1.559089	799664	799717	54	YBR297W	NA
1944	chrII	799808	799918	+	799848	22.022127	6.041469	799834	799868	35	YBR297W	NA
1946	chrII	800347	800352	+	800352	1.169316	0.779544	800347	800352	6	YBR297W	NA
1947	chrII	800448	800817	+	800491	279.856445	39.756767	800464	800580	117	YBR297W	NA
1952	chrII	805090	805172	+	805141	5.261923	1.948861	805093	805141	49	YBR299W	NA
1953	chrII	805315	805334	+	805323	6.626127	2.338633	805319	805334	16	YBR299W	NA
1963	chrI	9020	9086	-	9048	9.939191	2.338633	9038	9074	37	YAL067C	NA
1964	chrI	9179	9242	-	9183	2.728405	1.559089	9183	9236	54	YAL067C	NA
1965	chrI	9394	9467	-	9427	1.94886	0.389772	9419	9454	36	YAL067C	NA
1975	chrI	23036	23044	-	23043	1.169316	0.584658	23036	23044	9	YAL063C-A	NA
1976	chrI	23178	23285	-	23233	12.472708	2.728406	23189	23267	79	YAL063C-A	NA
1977	chrI	23604	23647	-	23633	5.651697	1.169317	23614	23645	32	YAL063C-A	NA
1982	chrI	28438	28479	-	28471	3.507949	2.143747	28445	28471	27	YAL063C	NA
2005	chrI	37187	37286	-	37252	5.651695	1.948861	37218	37278	61	YAL059C-A	NA
2015	chrI	45034	45101	-	45063	120.829388	38.197678	45059	45073	15	YAL054C	NA
2016	chrI	45199	45241	-	45210	1.559089	0.974431	45199	45241	43	YAL054C	NA
2017	chrI	45468	45484	-	45484	2.143747	0.974431	45471	45484	14	YAL054C	NA
2018	chrI	45623	45718	-	45672	81.462392	22.02213	45663	45708	46	YAL054C	NA
2025	chrI	52616	52708	-	52651	826.901762	178.710563	52617	52669	53	YAL049C	NA
2034	chrI	54658	54822	-	54790	68.210135	19.293725	54746	54799	54	YAL048C	NA
2040	chrI	56844	56900	-	56886	129.989035	54.373225	56861	56886	26	YAL047C	NA
2045	chrI	58463	58524	-	58476	2190.714766	732.187117	58466	58476	11	YAL044C	NA
2054	chrI	60986	61130	-	61058	27.673824	4.872153	61053	61093	41	YAL043C	NA
2056	chrI	62500	62574	-	62529	20.85281	7.405672	62512	62543	32	YAL042C-A	NA
2066	chrI	67833	67900	-	67844	771.943882	303.242788	67841	67850	10	YAL040C	NA
2067	chrI	68033	68091	-	68088	5.45681	2.338633	68038	68088	51	YAL040C	NA
2068	chrI	68183	68340	-	68206	22.022126	10.328964	68206	68285	80	YAL040C	NA
2075	chrI	69548	69662	-	69567	1482.888412	266.993971	69562	69605	44	YAL039C	NA
2077	chrI	69967	70173	-	70141	26.699393	4.482381	69998	70166	169	YAL039C	NA
2079	chrI	70506	70545	-	70506	1.559088	0.389772	70506	70545	40	YAL039C	NA
2085	chrI	74484	74570	-	74484	1.559088	0.194886	74484	74570	87	YAL037C-A	NA
2092	chrI	76178	76229	-	76184	599.859444	279.07691	76184	76208	25	YAL036C	NA
2099	chrI	81947	82042	-	81982	190.403729	42.290286	81971	81999	29	YAL034C	NA
2100	chrI	82262	82295	-	82262	2.728404	0.389772	82262	82295	34	YAL034C	NA
2101	chrI	82431	82448	-	82443	1.94886	0.779544	82431	82448	18	YAL034C	NA
2102	chrI	82497	82618	-	82562	40.536307	7.0159	82553	82596	44	YAL034C	NA
2108	chrI	84465	84555	-	84494	116.152119	36.05393	84482	84507	26	YAL032C	NA
2118	chrI	87060	87118	-	87078	472.403927	325.264918	87060	87078	19	YAL031C	NA
2137	chrI	92144	92411	-	92403	163.899212	21.242586	92164	92403	240	YAL029C	NA
2138	chrI	92450	92584	-	92522	1192.508105	296.421774	92473	92547	75	YAL029C	NA
2143	chrI	96016	96142	-	96113	8.185214	2.143747	96047	96117	71	YAL026C-A	YAL043C
2144	chrI	96172	96302	-	96294	11.108506	6.626128	96199	96294	96	YAL026C-A	YAL043C
2163	chrI	99764	99827	-	99783	901.73803	703.733745	99778	99784	7	YAL026C	NA
2165	chrI	101161	101248	-	101168	795.135328	449.602257	101165	101174	10	YAL025C	NA
2184	chrI	105931	106009	-	105966	130.963464	35.469272	105956	105985	30	YAL024C	NA
2195	chrI	108586	108718	-	108623	236.201959	36.443703	108614	108668	55	YAL023C	NA
2202	chrI	110380	110493	-	110446	142.071969	37.418133	110436	110471	36	YAL022C	NA
2214	chrI	113389	113450	-	113403	273.035441	88.67318	113400	113420	21	YAL021C	NA
2218	chrI	114264	114714	-	114619	211.061649	38.58745	114551	114630	80	YAL020C	NA
2221	chrI	120093	120147	-	120107	1.559088	0.389772	120093	120147	55	YAL018C	NA
2223	chrI	125064	125108	-	125108	2.338633	0.974431	125067	125108	42	YAL016C-A	NA
2233	chrI	128259	128489	-	128489	7.795442	1.364203	128326	128489	164	YAL015C	YAL063C-A
2235	chrI	129032	129143	-	129050	510.406718	121.024275	129046	129076	31	YAL014C	NA
2245	chrI	135635	135730	-	135699	300.319492	52.229478	135682	135715	34	YAL010C	NA
2254	chrI	138394	138482	-	138417	2283.285664	583.878787	138414	138436	23	YAL007C	NA
2256	chrI	138921	139061	-	139032	36.053925	7.0159	138960	139046	87	YAL007C	NA
2263	chrI	141488	141719	-	141493	44612.938642	24307.365019	141489	141497	9	YAL005C	NA
2265	chrI	141901	141995	-	141995	5.651696	1.364203	141914	141995	82	YAL005C	NA
2266	chrI	142031	142135	-	142100	5.45681	1.753975	142067	142108	42	YAL005C	NA
2283	chrI	151158	151241	-	151203	656.376418	242.243435	151179	151204	26	YAL001C	NA
2285	chrI	151987	152095	-	152051	11.303392	2.143747	151999	152068	70	YAL001C	NA
2287	chrI	154731	154811	-	154740	2159.727874	972.481691	154740	154754	15	YAR002C-A	NA
2295	chrI	158637	158712	-	158663	167.796939	31.766436	158661	158698	38	YAR007C	NA
2310	chrI	168753	169062	-	169021	1355.238003	539.249868	168950	169027	78	YAR014C	NA
2311	chrI	169119	169174	-	169165	4.092606	0.779544	169122	169167	46	YAR014C	NA
2315	chrI	171638	171772	-	171744	52.034587	8.964761	171693	171758	66	YAR018C	NA
2316	chrI	171893	171942	-	171934	6.431239	2.143747	171906	171940	35	YAR018C	NA
2325	chrI	175120	175197	-	175135	38.977219	5.651697	175133	175187	55	YAR019C	YAR019C
2327	chrI	177174	177241	-	177230	2.92329	0.584658	177181	177230	50	YAR020C	NA
2331	chrI	179821	180224	-	180051	59.050485	8.185217	179919	180108	190	YAR023C	NA
2332	chrI	180255	180318	-	180270	2.533518	0.779544	180268	180299	32	YAR023C	NA
2333	chrI	180587	180669	-	180658	5.846582	1.364203	180610	180658	49	YAR023C	NA
2345	chrI	187160	187303	-	187257	9.159644	1.559089	187186	187275	90	YAR030C	NA
2360	chrI	202513	202526	-	202526	1.364203	1.169317	202513	202526	14	YAR047C	NA
2385	chrII	10525	10613	-	10551	897.450535	486.630618	10545	10558	14	YBL107C	YBL010C
2395	chrII	13864	13992	-	13931	11.303391	3.50795	13906	13968	63	YBL106C	NA
2411	chrII	17938	17989	-	17965	611.162842	269.917263	17956	17965	10	YBL105C	NA
2421	chrII	21215	21323	-	21313	79.903304	23.970992	21231	21318	88	YBL104C	NA
2422	chrII	22058	22086	-	22075	1.753974	0.389772	22058	22086	29	YBL104C	NA
2431	chrII	23454	23680	-	23564	23.581213	5.651697	23490	23632	143	YBL103C	NA
2432	chrII	23754	23876	-	23781	379.833028	88.67318	23774	23802	29	YBL103C	NA
2454	chrII	44077	44222	-	44116	5.261922	0.779544	44077	44203	127	YBL094C	NA
2455	chrII	44294	44866	-	44465	205.215051	10.913622	44441	44808	368	YBL094C	YBL029C-A
2456	chrII	44942	45111	-	44968	2244.308444	720.688837	44965	45002	38	YBL093C	NA
2457	chrII	45433	45481	-	45481	2.533519	1.169317	45438	45481	44	YBL093C	NA
2460	chrII	47181	47228	-	47193	1056.087832	572.575393	47185	47198	14	YBL091C-A	NA
2461	chrII	47563	47686	-	47667	26.699395	6.236356	47567	47685	119	YBL091C-A	YBL033C
2468	chrII	48638	48721	-	48650	788.5092	493.256746	48650	48665	16	YBL091C	NA
2469	chrII	48914	49072	-	49038	7.210784	1.948861	48938	49038	101	YBL091C	NA
2470	chrII	49396	49467	-	49396	5.651696	1.364203	49396	49451	56	YBL091C	NA
2495	chrII	59529	59749	-	59548	250.038874	46.57778	59548	59593	46	YBL088C	NA
2499	chrII	60743	60897	-	60777	2976.690447	975.015211	60759	60822	64	YBL087C	NA
2504	chrII	62549	62730	-	62717	228.601399	49.695958	62581	62717	137	YBL086C	NA
2514	chrII	69481	69594	-	69566	63.143097	16.175547	69522	69571	50	YBL084C	NA
2516	chrII	70180	70245	-	70239	5.067038	2.923292	70223	70240	18	YBL083C	YBL040C
2517	chrII	70455	70479	-	70455	1.364202	0.389772	70455	70479	25	YBL083C	YBL040C
2518	chrII	70563	70580	-	70563	2.728406	1.364203	70563	70578	16	YBL083C	YBL040C
2519	chrII	71130	71202	-	71159	105.043611	29.622689	71149	71173	25	YBL082C	NA
2520	chrII	71394	71437	-	71397	1.169316	0.389772	71394	71437	44	YBL082C	NA
2529	chrII	74711	74799	-	74711	127.6504	77.759558	74711	74764	54	YBL080C	NA
2534	chrII	80729	80827	-	80775	2065.597881	479.419832	80754	80778	25	YBL078C	NA
2543	chrII	84269	84362	-	84290	4163.74175	2271.202732	84274	84297	24	YBL076C	NA
2544	chrII	84677	84729	-	84716	1.169316	0.584658	84677	84729	53	YBL076C	YBL051C
2551	chrII	86456	86488	-	86477	34.884613	12.667597	86468	86477	10	YBL075C	NA
2552	chrII	86580	86706	-	86669	6.236353	2.143747	86587	86679	93	YBL075C	NA
2556	chrII	87738	88069	-	87800	177.931011	51.449933	87760	87903	144	YBL074C	NA
2558	chrII	88196	88316	-	88293	7.210783	1.559089	88225	88305	81	YBL074C	NA
2560	chrII	89450	89561	-	89464	15985.533212	7107.886222	89450	89464	15	YBL072C	YBL057C
2561	chrII	89665	89711	-	89671	4.677266	1.364203	89671	89711	41	YBL071C-B	NA
2572	chrII	95728	95890	-	95890	26.89428	4.482381	95783	95890	108	YBL067C	NA
2573	chrII	95953	96051	-	95953	77.56467	71.13343	95953	95953	1	YBL067C	NA
2575	chrII	96088	96220	-	96163	699.836016	93.935105	96112	96174	63	YBL067C	NA
2586	chrII	100099	100191	-	100156	154.349796	33.715297	100140	100182	43	YBL066C	NA
2589	chrII	101168	101267	-	101188	2055.65869	1416.822023	101168	101214	47	YBL064C	NA
2590	chrII	101633	101698	-	101654	2.728405	1.169317	101651	101676	26	YBL064C	NA
2598	chrII	107415	107557	-	107453	757.327422	453.889751	107445	107510	66	YBL061C	NA
2600	chrII	107678	107714	-	107714	1.169316	0.389772	107678	107714	37	YBL061C	NA
2602	chrII	110518	110762	-	110571	1298.331262	445.119876	110551	110571	21	YBL059C-A	NA
2604	chrII	111130	111228	-	111177	26.699396	4.092608	111148	111219	72	YBL059C-A	NA
2606	chrII	113120	113497	-	113439	803.905197	168.186713	113273	113452	180	YBL057C	NA
2612	chrII	117098	117268	-	117198	38.587443	7.0159	117142	117242	101	YBL055C	NA
2627	chrII	121939	121941	-	121941	4.872152	3.702836	121939	121941	3	YBL052C	NA
2628	chrII	122042	122182	-	122042	476.106765	71.912975	122042	122141	100	YBL052C	NA
2631	chrII	122659	122947	-	122677	24.75053	3.313064	122677	122905	229	YBL052C	NA
2640	chrII	124779	124855	-	124822	776.231376	215.93381	124805	124844	40	YBL051C	NA
2657	chrII	132136	132254	-	132206	692.430347	142.071975	132179	132209	31	YBL047C	NA
2658	chrII	132385	132440	-	132431	2.923291	1.559089	132389	132434	46	YBL047C	NA
2666	chrII	135394	135601	-	135594	36.248809	4.872153	135414	135594	181	YBL045C	NA
2667	chrII	135637	135817	-	135702	1751.051693	717.180887	135655	135720	66	YBL045C	NA
2668	chrII	135989	135990	-	135990	1.169317	0.974431	135989	135990	2	YBL045C	NA
2676	chrII	140301	140415	-	140316	1459.891849	960.398753	140316	140336	21	YBL042C	NA
2679	chrII	142873	143163	-	142911	3127.142524	1020.228788	142892	142912	21	YBL040C	NA
2688	chrII	145758	145873	-	145782	1408.441917	639.616215	145770	145807	38	YBL039C	NA
2694	chrII	151225	151279	-	151236	717.570656	397.762552	151228	151269	42	YBL036C	NA
2701	chrII	153653	153745	-	153703	70.743657	24.750536	153688	153703	16	YBL035C	NA
2717	chrII	158438	158503	-	158451	276.348502	138.564025	158448	158459	12	YBL034C	NA
2718	chrII	158820	159141	-	158835	21.632355	1.364203	158835	159089	255	YBL034C	YBL091C
2721	chrII	159696	159794	-	159721	596.156607	402.050046	159707	159721	15	YBL033C	NA
2727	chrII	163888	164035	-	164017	228.601402	32.156208	163906	164033	128	YBL030C	NA
2728	chrII	164097	164167	-	164137	6334.773025	1616.775173	164115	164141	27	YBL030C	NA
2729	chrII	164324	164394	-	164364	2.533518	0.779544	164334	164381	48	YBL030C	NA
2731	chrII	164807	164905	-	164841	1829.006146	259.588299	164815	164873	59	YBL029C-A	NA
2733	chrII	165319	165357	-	165347	2.338632	0.779544	165328	165349	22	YBL029C-A	NA
2734	chrII	165637	165736	-	165641	1.94886	0.389772	165641	165722	82	YBL029C-A	NA
2740	chrII	167838	167971	-	167877	1782.623245	593.428206	167861	167893	33	YBL028C	NA
2741	chrII	168222	168302	-	168222	1.559088	0.389772	168222	168302	81	YBL028C	NA
2762	chrII	177527	177675	-	177579	351.379651	163.119674	177567	177620	54	YBL023C	NA
2775	chrII	180944	181300	-	181300	173.058854	53.203908	180997	181300	304	YBL022C	NA
2776	chrII	181358	181450	-	181394	833.722777	204.240644	181392	181408	17	YBL022C	NA
2777	chrII	181747	181755	-	181753	2.143747	0.974431	181747	181753	7	YBL022C	YBL101C
2779	chrII	182085	182185	-	182135	348.651248	94.909536	182114	182141	28	YBL021C	NA
2784	chrII	186469	186552	-	186515	378.858599	87.69875	186504	186529	26	YBL018C	NA
2810	chrII	191600	191873	-	191626	2600.755133	635.32872	191620	191771	152	YBL017C	NA
2812	chrII	191930	191960	-	191949	19.683496	10.328964	191932	191949	18	YBL017C	NA
2813	chrII	192049	192103	-	192064	259.393411	188.065097	192060	192064	5	YBL017C	NA
2833	chrII	201347	201882	-	201777	191.378149	37.807905	201657	201779	123	YBL014C	NA
2835	chrII	202175	202309	-	202277	15.006228	1.948861	202191	202284	94	YBL014C	NA
2842	chrII	206875	207017	-	206951	229.965606	29.427803	206940	206984	45	YBL010C	NA
2858	chrII	216371	216473	-	216418	1150.21782	287.846785	216404	216423	20	YBL007C	NA
2861	chrII	217093	217188	-	217160	1588.126916	265.434883	217127	217160	34	YBL006C	NA
2862	chrII	217256	217320	-	217283	13.252255	6.236356	217265	217305	41	YBL006C	NA
2873	chrII	235558	235859	-	235827	702.174647	133.496986	235773	235846	74	YBL003C	NA
2874	chrII	235945	236023	-	235971	62.558438	15.396003	235965	236002	38	YBL003C	NA
2876	chrII	236281	236284	-	236281	1.169317	0.974431	236281	236284	4	YBL003C	NA
2879	chrII	237477	237647	-	237478	6422.47177	2295.758382	237478	237536	59	YBL001C	NA
2880	chrII	237698	237824	-	237763	3.313062	0.779544	237722	237824	103	YBL001C	NA
2881	chrII	238027	238084	-	238054	1.559088	0.389772	238027	238084	58	YBL001C	NA
2893	chrII	241339	241453	-	241339	613.306585	150.257191	241339	241424	86	YBR001C	NA
2897	chrII	242106	242624	-	242593	347.287035	46.967553	242258	242602	345	YBR002C	NA
2920	chrII	254222	254321	-	254294	8.574988	5.261925	254222	254294	73	YBR008C	NA
2921	chrII	254389	254502	-	254427	217.882669	73.472064	254421	254436	16	YBR008C	NA
2922	chrII	254550	254673	-	254645	11.693164	3.702836	254567	254657	91	YBR008C	NA
2923	chrII	254859	254954	-	254890	130.573693	52.034592	254879	254923	45	YBR008C	NA
2925	chrII	255513	255954	-	255723	1028.803764	136.81005	255663	255833	171	YBR009C	NA
2926	chrII	256168	256201	-	256199	2.923291	1.364203	256169	256201	33	YBR009C	NA
2929	chrII	257991	258098	-	258006	20980.074452	7598.414563	257996	258014	19	YBR011C	NA
2930	chrII	258746	258760	-	258760	1.364203	1.169317	258746	258760	15	YBR011C	NA
2936	chrII	265922	266121	-	266067	199.173596	31.766436	265974	266071	98	YBR013C	NA
2937	chrII	266173	266283	-	266222	11.108508	1.364203	266177	266266	90	YBR013C	NA
2940	chrII	267340	267549	-	267419	1427.735639	503.780596	267354	267419	66	YBR014C	NA
2949	chrII	269575	269849	-	269596	725.366098	474.157907	269591	269631	41	YBR015C	NA
2950	chrII	269879	269987	-	269953	77.759551	23.776105	269896	269977	82	YBR015C	NA
2963	chrII	273711	273793	-	273750	1031.921954	259.783185	273725	273780	56	YBR017C	NA
2965	chrII	275543	275701	-	275599	37.02836	9.159647	275547	275662	116	YBR018C	NA
2990	chrII	287928	288164	-	287942	2981.757481	1208.683657	287940	288069	130	YBR023C	NA
2992	chrII	288269	288269	-	288269	2.728406	2.728406	288269	288269	1	YBR023C	NA
3000	chrII	291872	292079	-	291902	2528.842168	693.98944	291886	291980	95	YBR025C	NA
3001	chrII	292200	292339	-	292318	5.067037	0.974431	292235	292320	86	YBR025C	NA
3005	chrII	293207	294150	-	294087	1545.836602	440.44261	293806	294087	282	YBR026C	YBR027C
3006	chrII	294221	294275	-	294254	1.94886	0.584658	294224	294256	33	YBR026C	YBR027C
3007	chrII	294751	294801	-	294783	3.507949	1.559089	294751	294801	51	YBR027C	YBR028C
3013	chrII	296018	296123	-	296063	385.679609	69.574341	296027	296097	71	YBR028C	NA
3019	chrII	297774	297874	-	297822	251.987736	88.478294	297777	297832	56	YBR029C	NA
3020	chrII	298088	298126	-	298104	6.821012	1.753975	298088	298122	35	YBR029C	NA
3035	chrII	305977	306071	-	305999	421.733541	163.704333	305990	306022	33	YBR034C	NA
3036	chrII	306144	306169	-	306154	2.143747	1.169317	306144	306154	11	YBR034C	NA
3039	chrII	306959	307031	-	306985	2340.3873	1011.069141	306972	306990	19	YBR035C	NA
3041	chrII	307326	307412	-	307348	14.031798	4.677267	307340	307403	64	YBR035C	NA
3042	chrII	307511	307735	-	307569	19.488607	3.118178	307528	307639	112	YBR035C	NA
3043	chrII	307806	307893	-	307806	2.143746	0.389772	307806	307893	88	YBR035C	NA
3049	chrII	310313	310419	-	310361	710.35987	252.767285	310334	310366	33	YBR036C	NA
3053	chrII	311428	311557	-	311486	304.217216	87.503864	311466	311501	36	YBR037C	NA
3061	chrII	321615	321704	-	321651	175.397497	21.632358	321627	321672	46	YBR042C	NA
3067	chrII	323891	324145	-	324094	385.48472	137.979366	324017	324094	78	YBR043C	NA
3078	chrII	326602	326715	-	326651	10.523848	5.651697	326645	326685	41	YBR044C	NA
3089	chrII	330196	330225	-	330200	2.533519	1.169317	330200	330220	21	YBR045C	NA
3095	chrII	331526	331606	-	331542	1225.054087	303.63256	331529	331584	56	YBR046C	NA
3096	chrII	332384	332399	-	332398	3.118177	1.948861	332390	332398	9	YBR046C	NA
3109	chrII	336422	336977	-	336930	854.965342	113.033944	336748	336957	210	YBR049C	NA
3114	chrII	338067	338472	-	338240	125.701529	14.0318	338191	338366	176	YBR050C	NA
3117	chrII	339389	339518	-	339413	1793.926641	730.628028	339409	339423	15	YBR052C	NA
3122	chrII	340742	340827	-	340775	2949.796164	1297.161952	340756	340775	20	YBR053C	NA
3123	chrII	341158	341382	-	341194	13.447139	2.728406	341194	341356	163	YBR053C	NA
3125	chrII	341498	341557	-	341498	5.067038	1.559089	341498	341531	34	YBR053C	NA
3143	chrII	346701	347533	-	347322	784.221687	193.716794	347159	347334	176	YBR055C	NA
3149	chrII	351460	351515	-	351503	3.897721	1.169317	351469	351503	35	YBR056C-B	NA
3151	chrII	351826	351853	-	351826	1.559088	0.584658	351826	351853	28	YBR056C-B	NA
3157	chrII	353367	353427	-	353383	371.647815	120.829389	353378	353403	26	YBR057C	NA
3165	chrII	356011	356116	-	356039	650.140062	281.61043	356039	356069	31	YBR058C	NA
3167	chrII	356409	356524	-	356461	23.970988	4.677267	356451	356506	56	YBR058C	YBR058C-A
3168	chrII	356584	356654	-	356625	4340.893228	1983.550833	356595	356625	31	YBR058C-A	NA
3169	chrII	356799	356823	-	356805	5.261924	4.092608	356805	356823	19	YBR058C-A	NA
3186	chrII	360290	360360	-	360320	786.950111	275.958732	360298	360334	37	YBR059C	NA
3191	chrII	361986	362649	-	362601	300.319479	61.973783	362383	362619	237	YBR060C	NA
3196	chrII	365713	365813	-	365726	162.145238	44.239147	365722	365758	37	YBR061C	NA
3199	chrII	366578	366667	-	366610	494.231175	195.080997	366598	366625	28	YBR062C	NA
3207	chrII	368306	368397	-	368340	2.728404	0.389772	368329	368390	62	YBR063C	NA
3212	chrII	369709	369778	-	369732	616.229879	103.094752	369709	369750	42	YBR065C	NA
3215	chrII	370701	371256	-	370755	1044.784426	356.446696	370737	370782	46	YBR066C	NA
3218	chrII	371439	371678	-	371542	30.402229	5.846583	371492	371640	149	YBR066C	NA
3221	chrII	372757	372973	-	372786	4975.052625	2239.826068	372783	372794	12	YBR067C	NA
3222	chrII	373032	373170	-	373087	13.057365	2.143747	373045	373155	111	YBR067C	NA
3223	chrII	373293	373420	-	373342	8.380101	1.169317	373319	373406	88	YBR067C	NA
3230	chrII	375704	375958	-	375752	899.399389	440.637496	375729	375763	35	YBR068C	NA
3232	chrII	376036	376080	-	376074	1.753974	0.389772	376036	376080	45	YBR068C	NA
3233	chrII	376145	376229	-	376218	2.533519	0.974431	376148	376218	71	YBR068C	NA
3240	chrII	378537	378783	-	378538	773.113197	593.817979	378538	378550	13	YBR069C	NA
3245	chrII	379872	380052	-	379955	106.992473	37.418133	379946	379983	38	YBR070C	NA
3246	chrII	380200	380212	-	380212	2.338633	1.364203	380200	380212	13	YBR070C	NA
3265	chrII	392301	392477	-	392352	682.101387	152.790711	392333	392361	29	YBR077C	NA
3266	chrII	392699	392848	-	392717	147.333897	91.011814	392709	392728	20	YBR077C	NA
3279	chrII	398290	398345	-	398302	189.039525	141.877088	398300	398312	13	YBR079C	NA
3289	chrII	400860	400984	-	400916	1232.069988	364.631913	400884	400926	43	YBR080C	NA
3309	chrII	405384	405429	-	405397	843.077314	445.509649	405394	405397	4	YBR081C	NA
3313	chrII	406873	407305	-	407288	10329.158726	1040.302058	407169	407288	120	YBR082C	NA
3314	chrII	407786	407877	-	407806	5.456808	0.584658	407791	407876	86	YBR082C	NA
3325	chrII	415270	415516	-	415283	17186.031646	7663.116751	415279	415293	15	YBR084C-A	NA
3333	chrII	419184	419344	-	419193	9557.994405	4736.317144	419193	419228	36	YBR085C-A	NA
3334	chrII	419411	419703	-	419575	22.996555	1.753975	419434	419687	254	YBR085C-A	NA
3336	chrII	419753	419883	-	419810	13.252255	3.118178	419766	419850	85	YBR085C-A	NA
3337	chrII	420018	420094	-	420043	3.118177	0.974431	420018	420087	70	YBR085C-A	NA
3348	chrII	422788	423154	-	423079	55.542535	5.456811	422890	423127	238	YBR086C	NA
3349	chrII	423187	423375	-	423347	790.847829	121.024275	423212	423358	147	YBR086C	NA
3354	chrII	425799	425891	-	425809	614.670788	226.45766	425806	425828	23	YBR088C	NA
3358	chrII	426887	426955	-	426899	1166.783143	655.40199	426899	426912	14	YBR089C-A	YBR090C
3359	chrII	427333	427359	-	427339	2.143747	1.169317	427336	427340	5	YBR090C	YBR091C
3360	chrII	427482	427560	-	427525	327.603549	154.739572	427503	427534	32	YBR091C	NA
3367	chrII	429115	429280	-	429130	333.645018	131.158352	429115	429135	21	YBR092C	NA
3375	chrII	430971	431043	-	430998	29.232916	8.185217	430983	430998	16	YBR093C	NA
3376	chrII	431175	431327	-	431223	19.098835	4.677267	431209	431285	77	YBR093C	NA
3377	chrII	431364	431453	-	431398	10.134076	4.092608	431398	431427	30	YBR093C	NA
3379	chrII	431699	431871	-	431831	12.862482	3.313064	431743	431831	89	YBR093C	NA
3386	chrII	435689	435755	-	435738	510.601605	270.112149	435708	435738	31	YBR095C	NA
3387	chrII	436523	436556	-	436535	1.169316	0.584658	436523	436556	34	YBR095C	NA
3390	chrII	443664	443690	-	443665	1.169316	0.584658	443664	443690	27	YBR099C	NA
3395	chrII	444650	444812	-	444717	2044.939954	656.766192	444691	444747	57	YBR101C	NA
3404	chrII	447354	447457	-	447401	174.033293	93.350447	447362	447401	40	YBR102C	NA
3405	chrII	447511	447602	-	447552	7.600556	1.753975	447511	447586	76	YBR102C	NA
3406	chrII	449881	449974	-	449909	1.94886	0.584658	449881	449959	79	YBR103C-A	NA
3412	chrII	451982	452132	-	452009	520.930569	98.027714	451992	452038	47	YBR105C	NA
3419	chrII	454070	454699	-	454585	196.445182	37.028361	454329	454620	292	YBR107C	NA
3422	chrII	458399	458481	-	458406	9637.702823	5763.561832	458401	458416	16	YBR109C	NA
3445	chrII	465900	465999	-	465972	612.137267	240.684346	465927	465972	46	YBR112C	NA
3446	chrII	466113	466194	-	466164	18.514181	3.313064	466117	466185	69	YBR112C	NA
3447	chrII	466263	466299	-	466299	2.728404	0.584658	466266	466299	34	YBR112C	NA
3468	chrII	473844	474099	-	474043	374.5711	62.753328	473965	474043	79	YBR115C	NA
3471	chrII	474985	475088	-	474993	5.846583	1.559089	474993	475087	95	YBR116C	YBR117C
3473	chrII	475132	475210	-	475190	3.507948	0.779544	475132	475192	61	YBR116C	YBR117C
3479	chrII	476472	476521	-	476478	178.125903	124.142452	476472	476480	9	YBR117C	NA
3480	chrII	476571	476681	-	476643	1.94886	0.389772	476589	476657	69	YBR117C	NA
3483	chrII	477311	477371	-	477351	16.370432	7.795444	477328	477356	29	YBR117C	NA
3489	chrII	480953	481120	-	480993	544.316903	184.557147	480993	481014	22	YBR120C	NA
3490	chrII	481566	482104	-	481764	132.717423	10.913622	481742	481986	245	YBR120C	YBR121C-A
3492	chrII	482482	482631	-	482569	10.134075	2.728406	482534	482602	69	YBR121C-A	YBR121C-A
3498	chrII	483221	483584	-	483503	8256.934706	708.605898	483252	483531	280	YBR121C	NA
3500	chrII	484523	484571	-	484543	847.754581	346.507504	484533	484552	20	YBR122C	NA
3507	chrII	486680	486774	-	486754	59.245374	17.734636	486689	486757	69	YBR123C	NA
3513	chrII	488534	488637	-	488568	329.942181	83.606141	488540	488568	29	YBR125C	NA
3520	chrII	490441	490552	-	490469	1369.854466	296.811546	490453	490495	43	YBR126C	NA
3521	chrII	490692	490743	-	490730	1.169316	0.389772	490692	490743	52	YBR126C	NA
3522	chrII	490787	490863	-	490860	5.651696	1.948861	490807	490861	55	YBR126C	NA
3523	chrII	491024	491120	-	491063	21.242585	7.0159	491054	491107	54	YBR126C	NA
3527	chrII	492845	492944	-	492871	13081.145507	2297.512357	492848	492886	39	YBR127C	NA
3530	chrII	493855	494294	-	494192	191.183266	22.606789	494120	494192	73	YBR128C	NA
3533	chrII	495316	495519	-	495374	250.623534	62.558441	495331	495388	58	YBR129C	NA
3537	chrII	496898	496953	-	496938	634.938947	203.655985	496898	496938	41	YBR130C	NA
3548	chrII	501557	501644	-	501594	255.690577	85.944775	501591	501625	35	YBR132C	NA
3559	chrII	504386	504493	-	504407	338.90694	120.439616	504400	504439	40	YBR133C	NA
3571	chrII	515280	515541	-	515425	58.660715	12.667597	515366	515528	163	YBR138C	NA
3619	chrII	526915	526971	-	526935	1250.973942	397.177893	526918	526943	26	YBR140C	NA
3622	chrII	528006	528100	-	528058	43.264714	9.939192	528041	528083	43	YBR141C	NA
3627	chrII	532176	532310	-	532218	1118.256496	222.754824	532204	532271	68	YBR143C	NA
3628	chrII	532954	533086	-	533007	26.114736	13.252256	532984	533057	74	YBR143C	NA
3656	chrII	544454	544602	-	544506	263.875792	77.564672	544491	544515	25	YBR150C	NA
3657	chrII	544740	544799	-	544749	6.626128	2.338633	544740	544788	49	YBR150C	NA
3658	chrII	544924	544974	-	544964	2.923291	0.974431	544924	544974	51	YBR150C	NA
3668	chrII	549090	549167	-	549100	1213.360919	442.976129	549092	549132	41	YBR154C	NA
3669	chrII	549495	549533	-	549532	6.626127	4.092608	549520	549532	13	YBR154C	NA
3681	chrII	553344	553400	-	553365	7.99033	6.236356	553360	553365	6	YBR156C	NA
3684	chrII	554306	554688	-	554396	223.144591	38.392564	554319	554432	114	YBR157C	NA
3687	chrII	554800	554952	-	554840	14.616455	5.846583	554810	554883	74	YBR157C	NA
3688	chrII	554993	555061	-	555015	13.057367	2.143747	555002	555060	59	YBR157C	NA
3689	chrII	555099	555267	-	555157	70.743656	11.693167	555139	555231	93	YBR157C	NA
3709	chrII	563812	564917	-	564706	4972.324179	1661.209206	564435	564717	283	YBR162C	NA
3715	chrII	568185	568589	-	568537	3295.134343	708.216126	568476	568548	73	YBR164C	NA
3722	chrII	571192	571328	-	571243	875.818178	531.844196	571220	571252	33	YBR166C	NA
3723	chrII	571683	571686	-	571685	1.364202	0.779544	571683	571686	4	YBR166C	YBR167C
3724	chrII	571885	571965	-	571926	430.308529	121.608933	571899	571935	37	YBR167C	NA
3725	chrII	572059	572197	-	572090	59.44026	12.862483	572090	572142	53	YBR167C	NA
3726	chrII	572279	572347	-	572317	15.590887	2.338633	572287	572336	50	YBR167C	NA
3728	chrII	572502	572540	-	572529	1.169316	0.389772	572502	572540	39	YBR167C	NA
3736	chrII	575994	576129	-	576021	876.987495	166.627624	576011	576068	58	YBR169C	NA
3743	chrII	578086	578213	-	578136	985.539059	537.106121	578106	578141	36	YBR170C	NA
3755	chrII	581467	581533	-	581467	70.353883	30.402233	581467	581491	25	YBR172C	NA
3758	chrII	582176	582233	-	582200	3576.355018	1067.975886	582193	582215	23	YBR173C	NA
3759	chrII	583382	583410	-	583382	3.702835	2.533519	583382	583402	21	YBR174C	NA
3767	chrII	586165	586280	-	586205	610.967954	109.915766	586178	586230	53	YBR177C	NA
3778	chrII	589128	589267	-	589184	317.46947	63.337986	589173	589215	43	YBR179C	NA
3784	chrII	592782	592912	-	592799	22917.437275	9677.849362	592790	592813	24	YBR181C	NA
3792	chrII	594946	594992	-	594976	25.724967	13.252256	594962	594992	31	YBR182C	NA
3793	chrII	595119	595159	-	595159	1.169316	0.389772	595119	595159	41	YBR182C	NA
3794	chrII	595581	595615	-	595597	5.067038	3.118178	595587	595612	26	YBR182C-A	NA
3795	chrII	595808	595915	-	595849	9.549418	4.482381	595832	595915	84	YBR182C-A	NA
3801	chrII	599867	600035	-	599978	230.940038	53.398794	599970	600008	39	YBR185C	NA
3805	chrII	604182	604226	-	604182	906.220413	428.749443	604182	604197	16	YBR188C	NA
3811	chrII	609111	610036	-	609794	617.39918	159.806611	609599	609797	199	YBR193C	NA
3813	chrII	610135	610179	-	610135	1.753974	0.779544	610135	610179	45	YBR193C	NA
3818	chrII	611870	611971	-	611925	182.998054	63.532872	611875	611928	54	YBR195C	NA
3825	chrII	613909	614125	-	613942	20923.752362	8541.468451	613917	613946	30	YBR196C	NA
3826	chrII	614278	614319	-	614314	4.092608	2.143747	614296	614319	24	YBR196C-A	NA
3827	chrII	614527	614537	-	614537	1.559088	0.779544	614527	614537	11	YBR196C-A	YBR196C-B
3829	chrII	614624	614825	-	614803	9.159642	0.779544	614662	614808	147	YBR196C-B	NA
3830	chrII	614863	615092	-	614910	13.642024	1.753975	614908	615087	180	YBR196C-B	NA
3833	chrII	615809	615968	-	615876	115.372575	21.437472	615848	615896	49	YBR197C	NA
3843	chrII	618564	618627	-	618601	1089.218471	450.381801	618577	618602	26	YBR198C	NA
3846	chrII	624654	624785	-	624707	156.103771	42.0954	624687	624765	79	YBR201C-A	NA
3848	chrII	624820	625110	-	624861	34.689722	5.067039	624850	625063	214	YBR201C-A	NA
3850	chrII	625365	625416	-	625394	2.533518	0.779544	625382	625416	35	YBR201C-A	NA
3864	chrII	633401	633489	-	633425	112.059508	39.172108	633415	633449	35	YBR204C	NA
3865	chrII	634260	634293	-	634260	1.364202	0.389772	634260	634293	34	YBR204C	NA
3888	chrII	642337	642708	-	642353	2000.311029	684.829792	642345	642455	111	YBR208C	NA
3889	chrII	642794	642829	-	642822	1.948861	0.974431	642808	642822	15	YBR208C	NA
3898	chrII	646724	647135	-	647135	30.012454	8.185217	646767	647135	369	YBR211C	NA
3899	chrII	647211	647276	-	647229	262.901363	85.555003	647215	647245	31	YBR211C	NA
3900	chrII	647736	647752	-	647747	1.753974	0.779544	647736	647752	17	YBR211C	NA
3921	chrII	657543	657687	-	657633	179.4901	37.418133	657598	657646	49	YBR216C	NA
3939	chrII	662162	662418	-	662338	234.64287	38.197678	662266	662397	132	YBR218C	NA
3943	chrII	663417	663520	-	663424	4.092607	0.974431	663422	663512	91	YBR219C	YBR220C
3944	chrII	663580	663641	-	663612	3.313062	0.779544	663580	663633	54	YBR219C	YBR220C
3948	chrII	664696	664792	-	664744	151.231619	28.0636	664721	664759	39	YBR220C	NA
3954	chrII	666439	666526	-	666458	6615.798795	3055.619327	666448	666485	38	YBR221C	NA
3961	chrII	668378	668445	-	668378	470.065294	118.490755	668378	668393	16	YBR222C	NA
3968	chrII	669948	670382	-	670323	769.800124	87.308978	670259	670330	72	YBR223C	NA
3969	chrII	673847	673857	-	673857	1.364202	0.779544	673847	673857	11	YBR226C	YBR227C
3975	chrII	675161	675247	-	675192	337.932514	128.624833	675161	675199	39	YBR227C	NA
3976	chrII	675312	675370	-	675337	1.559088	0.584658	675312	675370	59	YBR227C	NA
3995	chrII	679224	679336	-	679245	1353.873806	413.158554	679228	679245	18	YBR229C	NA
3996	chrII	679593	679656	-	679654	25.724965	13.447142	679610	679655	46	YBR229C	YBR230C
3998	chrII	680055	680141	-	680076	1681.087588	602.003195	680063	680091	29	YBR230C	NA
3999	chrII	680259	680306	-	680283	4.677265	1.169317	680262	680286	25	YBR230C	NA
4000	chrII	680494	680530	-	680525	1.753974	0.584658	680494	680530	37	YBR230C	NA
4009	chrII	682829	683196	-	683147	286.872344	103.094752	683017	683150	134	YBR231C	NA
4010	chrII	683332	683332	-	683332	3.897722	3.897722	683332	683332	1	YBR231C	NA
4013	chrII	686604	686675	-	686638	2207.474974	1192.702996	686624	686640	17	YBR234C	NA
4020	chrII	691679	691765	-	691731	209.697453	63.1431	691716	691743	28	YBR236C	NA
4022	chrII	692484	692553	-	692499	3.118177	1.169317	692493	692553	61	YBR236C	NA
4032	chrII	696951	697532	-	697375	526.972025	92.960675	697251	697393	143	YBR238C	NA
4039	chrII	700032	700109	-	700092	41.705624	12.472711	700032	700105	74	YBR239C	NA
4044	chrII	701909	701986	-	701957	13.447141	4.677267	701939	701980	42	YBR240C	NA
4045	chrII	702059	702257	-	702170	74.056719	21.827244	702116	702214	99	YBR240C	NA
4053	chrII	704060	704150	-	704084	227.432084	50.08573	704075	704135	61	YBR241C	NA
4054	chrII	704861	704913	-	704902	1.753974	0.779544	704861	704913	53	YBR241C	NA
4060	chrII	706810	706861	-	706825	96.273736	56.516972	706825	706837	13	YBR243C	NA
4061	chrII	707016	707059	-	707059	1.169316	0.584658	707016	707059	44	YBR243C	NA
4062	chrII	707126	707181	-	707162	1.753974	0.584658	707126	707181	56	YBR243C	NA
4087	chrII	714449	714575	-	714488	505.72945	115.957236	714471	714514	44	YBR247C	NA
4093	chrII	716506	716641	-	716553	690.871258	153.180483	716524	716561	38	YBR248C	NA
4097	chrII	718070	718253	-	718084	4063.765171	1238.11146	718080	718130	51	YBR249C	NA
4098	chrII	718435	718463	-	718437	2.143746	0.584658	718437	718461	25	YBR249C	NA
4107	chrII	724261	724370	-	724266	342.999551	117.711211	724266	724295	30	YBR254C	NA
4109	chrII	727039	727135	-	727115	205.994618	48.136869	727068	727115	48	YBR255C-A	NA
4110	chrII	727256	727307	-	727296	1.753974	0.779544	727256	727307	52	YBR255C-A	NA
4113	chrII	728103	728220	-	728137	2199.679526	1155.869521	728114	728143	30	YBR256C	NA
4115	chrII	728651	728653	-	728653	1.169317	0.974431	728651	728653	3	YBR256C	NA
4117	chrII	729913	730266	-	730185	770.774554	264.460452	730127	730200	74	YBR258C	NA
4118	chrII	730370	730414	-	730398	4.092608	1.948861	730395	730407	13	YBR258C	NA
4126	chrII	734586	734707	-	734651	259.198523	45.798236	734627	734676	50	YBR260C	NA
4129	chrII	735534	735612	-	735567	595.182177	166.627624	735543	735573	31	YBR261C	NA
4130	chrII	736038	736249	-	736075	785.975676	189.234413	736060	736088	29	YBR262C	NA
4133	chrII	738061	738444	-	738394	732.576881	99.781689	738323	738406	84	YBR264C	NA
4134	chrII	738511	738564	-	738545	2.728405	1.169317	738511	738564	54	YBR264C	NA
4135	chrII	741085	741129	-	741100	4.287494	0.974431	741100	741129	30	YBR266C	NA
4136	chrII	742577	742685	-	742597	1539.990042	841.518225	742590	742603	14	YBR269C	NA
4142	chrII	744388	744483	-	744441	27.284054	8.574989	744423	744482	60	YBR270C	NA
4143	chrII	744599	744716	-	744670	83.995907	19.878383	744638	744700	63	YBR270C	NA
4153	chrII	747797	747880	-	747818	900.763598	277.712707	747810	747830	21	YBR272C	NA
4154	chrII	748225	748225	-	748225	1.559089	1.559089	748225	748225	1	YBR272C	YBR273C
4160	chrII	749383	749470	-	749402	578.032201	369.893838	749383	749403	21	YBR273C	NA
4180	chrII	757137	757262	-	757220	127.455512	27.284055	757194	757250	57	YBR275C	NA
4193	chrII	760107	760188	-	760138	274.594526	109.915766	760126	760169	44	YBR276C	NA
4194	chrII	760846	761009	-	760897	32.35109	5.456811	760887	760988	102	YBR277C	NA
4204	chrII	764685	764823	-	764720	320.197875	50.865275	764697	764739	43	YBR280C	NA
4217	chrII	767588	767697	-	767624	619.932713	115.76235	767614	767655	42	YBR281C	NA
4225	chrII	769530	770677	-	770559	1193.872283	341.635352	770195	770583	389	YBR283C	NA
4226	chrII	770915	771146	-	770960	35.469269	7.795444	770960	771107	148	YBR283C	NA
4239	chrII	779491	779549	-	779508	277.322933	145.385038	779504	779521	18	YBR288C	NA
4244	chrII	784596	784682	-	784608	179.684992	53.59368	784608	784658	51	YBR291C	NA
4245	chrII	785262	785517	-	785307	7.990328	0.974431	785307	785492	186	YBR292C	NA
4246	chrII	785619	785894	-	785773	74.641373	9.939192	785685	785826	142	YBR292C	NA
4270	chrII	798566	798922	-	798591	1205.760359	381.197232	798581	798595	15	YBR296C	NA
4272	chrII	799105	799126	-	799126	1.169316	0.584658	799105	799126	22	YBR296C	NA
4280	chrII	801017	801061	-	801023	6.821011	2.338633	801023	801058	36	YBR296C-A	NA
4286	chrII	804855	804952	-	804895	155.908888	54.568111	804872	804901	30	YBR298C	NA
4289	chrII	809377	809389	-	809377	1.169316	0.779544	809377	809389	13	YBR300C	NA
4290	chrII	809707	809710	-	809707	1.364203	0.974431	809707	809710	4	YBR300C	NA
